['year_Predict', 'Compute_Step', 'p', 'mu', 'k_1', 'k_2', 'alpha', 'a', 'a_1', 'a_2', 'beta_2', 'beta_3', 'rho_1', 'rhoR', 'D_0', 'D']
['2014', 1000, 0.55, 0.0144, 0.4, 0.2, 0.05, 0.14, 0.08, 0.014, 0.05, 0.03, 0.033, 0.04, 19.318568727109373, 0.0144]
['ploygonID', 'S', 'E', 'I_1', 'I_2', 'I_3', 'R', 'SUpdateRatio', 'IncreaseRate']
2 76.9531820729 16.6972058686 53.2080963889 0.220564277778 0.000160392335716 1.79384542296 0.523209110219 0.152173253355
3 93.6173239563 20.9789554023 69.3744874202 0.287601274628 0.000209142471953 2.34016706808 0.508075799678 0.122184809723
4 162.518286888 63.7256072496 163.33294809 0.676679234665 0.00049195478134 28.1954020464 0.416442320387 0.413405235393
5 352.177256126 120.687064318 378.765920813 1.57000722628 0.0011420923894 24.1057746351 0.412771544933 0.478864038534
6 172.639399625 54.6362257928 182.813137853 0.757879611005 0.000551297254635 6.15925490074 0.420203428602 0.361304194963
7 313.616590566 71.1871800092 239.70660428 0.993772920052 0.000722904863228 8.08779860926 0.50138153237 0.291122391647
8 126.929864562 38.1948487906 145.89334202 0.604981182677 0.000440148418916 4.92751385998 0.40731804261 0.315055394711
9 310.727538221 81.8550573811 333.04925236 1.38123146296 0.00100502587589 11.2649459357 0.427402363815 0.307220461336
10 123.209293694 37.1589412413 184.321402974 0.764652264251 0.00055651895983 6.24770308438 0.356658170739 0.324093458868
11 136.556830258 36.3149823626 149.906298748 0.621710668338 0.000452427053484 5.07120726842 0.422253291172 0.371713003691
12 296.22471548 77.3700178582 311.62082901 1.29234105809 0.000940421202294 10.5388174535 0.431494390995 0.36716805703
13 119.787802771 32.1000914424 133.701262096 0.554511123571 0.000403490865604 4.52350515117 0.418627589886 0.308211218394
14 181.129998057 48.751890703 204.598128909 0.848558504337 0.00061751474893 6.92271493381 0.416075927558 0.367623483626
15 119.957134661 32.038523806 133.834519991 0.555066798383 0.000404105774266 4.5279933469 0.418865732024 0.656173058856
16 242.738813082 62.8906977953 250.609945142 1.03930043774 0.000756284892348 8.47437216532 0.435578210811 0.373637168081
17 160.527546829 45.3674836212 133.513956333 0.553347598916 0.000402447225255 4.48879895393 0.472191594662 0.375079159002
18 169.535436962 45.3788880627 189.418490989 0.785595151478 0.000571776630957 6.40863542482 0.418483073123 0.467610405278
19 143.620339777 38.288804617 158.90844121 0.659051446128 0.000479665298175 5.37603015043 0.420585546577 0.458183955439
20 241.13573318 62.4762318388 248.792883862 1.03176369952 0.000750764452977 8.41288888256 0.435705554324 0.342947711849
21 216.5824345 57.1623466618 233.418755785 0.96804687832 0.000704429105583 7.89537798058 0.426232379847 0.350254400393
22 177.528826726 38.7317207328 124.50475063 0.516121023387 0.000375437296697 4.19796983803 0.520182528226 0.316037824866
23 127.758739127 33.0856221461 132.086066357 0.547773839989 0.000398681349911 4.46652839575 0.435325570794 0.492544814151
24 159.744210327 38.8742874934 143.107895815 0.593397285602 0.000431857382448 4.83428648691 0.466651397427 0.500788413835
25 139.761587329 38.1725653256 163.23220434 0.67701604789 0.000492640909613 5.5242866626 0.408846263921 0.300039243705
26 165.510771113 43.198530718 173.264559938 0.718550376896 0.000522770873875 5.85948538353 0.432489748338 0.233320047893
27 180.86700636 46.7573299323 184.958552544 0.767028695283 0.000557993039966 6.25393485381 0.437563319917 0.189865168195
28 257.154004002 70.7223201297 304.840501499 1.26436131291 0.000919955077484 10.3177362687 0.405617132098 0.236637597859
29 98.5617780134 37.1477347286 146.134517415 0.606006569375 0.000440946519295 4.93411831534 0.348952421059 0.413944219504
30 149.250968557 41.661838376 147.059521519 0.609728186457 0.000443597731542 4.96174162564 0.440811230506 0.373822380423
31 155.615012472 41.2476751469 169.689768093 0.703755339315 0.000512166979898 5.74020783627 0.423722705764 0.419578608144
32 135.957965087 35.9247460176 147.269034673 0.610766170426 0.00044451400855 4.98154094788 0.42518360035 0.453534633755
33 311.814559015 72.1142547518 248.650548393 1.03090139244 0.000750032027017 8.39229812941 0.492123009749 0.363883769876
34 201.501981293 52.2217123663 208.422132169 0.864346443597 0.000629027868201 7.04788168812 0.435199310097 0.428961514256
35 170.111628713 49.1413897274 228.427331619 0.947537555729 0.00068962263634 7.73762216377 0.379181437261 0.371286293656
36 255.013021128 51.7180890745 152.707503488 0.632913907177 0.000460210294015 5.14217711807 0.554289389238 0.17516549082
37 89.1515124344 24.8991999087 110.290038228 0.457460254564 0.000332952993324 3.73396796243 0.396584030019 0.429789792438
38 113.653990637 39.7237257256 125.266132066 0.519240545572 0.000377614270231 4.2141000595 0.407123439274 0.295392761325
39 162.643678557 50.1061245843 258.550778127 1.07264793397 0.000780885825339 8.766928579 0.344311234495 0.495804938536
40 326.535550151 65.7608547646 192.419848694 0.797489451437 0.000579737512597 6.47859472213 0.557690115232 0.0630083160886
41 235.610246347 53.4225012753 179.260107517 0.743169067334 0.000540480954889 6.0481129427 0.502328099951 0.162283293335
42 209.268315402 53.3146136786 207.557934943 0.860725521878 0.000626276737677 7.01660363085 0.444304311895 0.327844825665
43 470.948379282 103.899066056 337.042688795 1.39720009008 0.00101590815872 11.3661347332 0.515662308858 0.0697535246149
44 182.407450267 42.9003982754 150.268854446 0.623031191313 0.000453101400786 5.07304998794 0.484868047476 0.113480162124
45 347.351285625 85.8540285878 322.018647052 1.33529659774 0.000971701428614 10.8807579195 0.45911914485 0.432367101675
46 83.3580055312 26.0352249976 136.792452316 0.567523178496 0.000413085142021 4.63918728826 0.3378187758 0.351275103199
47 178.586017774 48.2877698683 203.647556397 0.84462264853 0.000614601048895 6.89097943965 0.414000586787 0.309482032216
48 265.038315361 58.7791989694 191.943944237 0.795708748993 0.000578599395468 6.47355764483 0.513085550371 0.0987924401781
49 266.613658814 70.1768651559 286.531991718 1.18832113353 0.000864933977943 9.69174194829 0.426915393362 0.515106262495
50 160.794631909 45.1500539241 207.137362431 0.85920886668 0.000625576928669 18.3799575419 0.388447360912 0.659901893459
51 165.583368195 57.4628835617 249.133215614 1.03330685286 0.000752147328799 8.4259051193 0.349912584843 0.57722280065
52 116.301470588 19.0311865291 44.551591832 0.184538453261 0.000134094606905 1.49386546744 0.645871978469 0.0875344343346
53 145.123847901 34.4250568349 122.438142042 0.507657172407 0.000369357123653 4.13422443231 0.479756071113 0.359308868153
54 233.575064081 58.9217018043 226.491092814 0.939218853004 0.000683390713529 7.65542797128 0.449245225255 0.338536114838
55 254.452657998 77.7963600114 250.978948196 1.04039261669 0.000756845308629 8.45102401992 0.435505918719 0.429500245155
56 191.108959366 48.5535741004 188.759024702 0.782766267278 0.000569648066904 6.3809068887 0.445262768436 0.435972428206
57 240.070791434 67.000307086 295.848199156 1.22711102367 0.000893022526643 10.0159419748 0.397371288012 0.350026884027
58 274.45679146 67.9414427439 255.466471794 1.05933324994 0.000770918354271 8.63225750673 0.458249160498 0.46025169803
59 287.288256819 78.5163996214 335.368098174 1.39095799775 0.00101204151011 11.3498342329 0.408913580113 0.226740740338
60 268.25446574 70.3076043381 283.666163135 1.17641174628 0.00085590327752 9.59372883295 0.43030493855 0.24521871598
61 217.272461489 51.9849759781 186.213888394 0.772096473859 0.000561588690082 6.28841182562 0.47621989362 0.17643951498
62 197.55511706 51.1065444685 202.979997742 0.841770213917 0.000612488807149 6.86353380795 0.436601291393 0.316817549543
63 277.80832973 76.8212704772 216.370328441 0.896650552801 0.000651897909275 7.26840358136 0.485766173751 0.21911639735
64 166.588377891 37.7766380029 127.068489449 0.526797975465 0.00038321480871 4.28727333041 0.501831646485 0.297418403109
65 141.975278722 36.731898189 145.449824977 0.603185869649 0.000438802015526 4.91810240632 0.437169001139 0.189392757287
66 172.267874242 42.6290676246 166.148811642 0.68900690716 0.00050123075481 28.346253251 0.451275770278 0.204104975836
67 202.318432227 51.1760537691 196.737180599 0.815834477604 0.000593473472202 6.6498590502 0.448551794528 0.188485660303
68 271.413970322 75.2817839283 240.692363052 0.997737250276 0.000725643378686 8.10656493692 0.46128511332 0.271613858381
69 363.837251546 84.7450033736 293.418491001 1.21651788068 0.000884710693346 9.90416513236 0.489543012741 0.120509562495
70 699.737291267 166.705812118 598.139436734 2.48006642874 0.00180380583083 35.3524874328 0.47696426028 0.147901313046
71 379.805366034 97.3458870862 380.777622573 1.57906575593 0.00114871907981 12.8733209783 0.441886386518 0.194387471508
72 215.439969268 54.0321104881 205.808155928 0.853436394442 0.000620894697628 6.9555999869 0.45247732089 0.265260656562
73 484.839519298 125.628830567 467.795638181 1.93974948271 0.00141108945722 23.3784505929 0.448840222543 0.240632826002
74 772.351332094 202.88664834 626.235080728 2.59572475645 0.00188728719812 21.0823881722 0.481494578135 0.12961760524
75 242.65968467 52.1598670038 164.106461971 0.680254060248 0.0004945513062 5.53167386337 0.527972398576 0.0309731296513
76 362.492500524 97.1090782069 403.745182611 1.67448316861 0.00121834151961 13.6596678156 0.419055592301 0.255344796067
77 313.569791741 74.2907965725 262.718130524 1.08927836871 0.000792231027003 8.87044440441 0.481179698681 0.141719439287
78 397.889042577 99.2835092559 376.538160883 1.56140007094 0.00113585949175 16.5132767557 0.454588373622 0.21679980329
79 519.817063575 147.674049193 572.907525829 2.3757698174 0.00172827838866 30.7231960721 0.418270876168 0.215977737414
80 351.67693971 89.5408924279 347.654513672 1.44168739167 0.00104885403731 11.7523555048 0.444983206945 0.245348929844
81 826.010035417 200.35765407 730.234642356 3.02786191924 0.00220243845219 24.6655465389 0.469421929944 0.190205845699
82 309.188633107 75.9303187107 281.439842194 1.16700513169 0.000848970052352 9.50838393932 0.463046718265 0.248786615839
83 348.370000033 91.0627163388 366.297747467 1.51909130313 0.00110525409941 12.3878950355 0.431551210948 0.267191283057
84 153.714038525 53.8242491513 166.29170502 0.689263922887 0.000501304385516 5.59181623337 0.410429717719 0.375471199072
85 680.925199508 184.473308048 778.5233311 3.22890717082 0.00234929930993 26.3438880584 0.413395209907 0.234457289629
86 256.102459731 64.2363171613 244.418397259 1.01354166502 0.000737313887245 8.26042793669 0.452660625265 0.214145789263
87 217.710865012 55.7991179715 218.22552781 0.904970064414 0.000658330330446 7.37775198254 0.441925871986 0.188683823553
88 223.128939918 64.8873659093 261.450850588 1.08427234419 0.000788742658267 8.83900434876 0.405282065579 0.158478805763
89 106.027514024 27.7993567348 112.207819284 0.465345206881 0.000338562494114 3.79494372109 0.430131250449 0.242244730773
90 278.847778123 73.7199596715 300.627992781 1.2467775063 0.000907058015756 10.1687127267 0.426083862519 0.20703643773
91 207.37575861 54.253066937 218.122365401 0.90458504 0.000658089961635 7.37672511131 0.431442801776 0.20375835152
92 180.394481922 47.2701793804 190.271070015 0.789083182674 0.000574031117192 6.43492879498 0.430818113406 0.167743833705
93 319.069661356 84.4288792007 344.580533344 1.42906129708 0.00103965222721 11.6555312802 0.425704810645 0.192816449629
94 206.195707209 57.7793047021 255.380247289 1.05926038508 0.000770688025489 8.64611949771 0.396213775927 0.184138898508
95 426.016666409 103.605405302 378.543914423 1.5696104115 0.0011416583732 12.7867587565 0.468285657288 0.155281000088
96 666.473071177 156.981267299 550.634929953 2.28299904514 0.00166026993279 18.589734026 0.484223841896 0.0950728046741
97 663.517868517 157.021325662 554.202293953 2.29781735463 0.0016711237207 18.7117077977 0.481843227462 0.116494574446
98 734.395575914 188.972672772 742.577759151 3.0794570717 0.00224013803811 25.1065199047 0.440014011567 0.171150807004
99 352.760875519 97.810206346 352.255706434 1.46055621496 0.00106228060543 11.8898251753 0.438599975505 0.157983140747
100 534.699776027 138.157473149 545.879069054 2.26377237572 0.00164678654382 18.4573783715 0.43791893136 0.172115359307
101 444.96753901 106.428906411 380.44468399 1.57742687297 0.00114720296358 12.8473039037 0.476706820466 0.101684116737
102 205.704976558 53.9713003726 218.136887551 0.904653400686 0.000658198330226 7.37764148103 0.42969926342 0.257696690242
103 300.592810436 66.0674580299 213.651387496 0.885679606921 0.00064405920614 7.20459092386 0.517195208814 0.13979704986
104 332.149603903 73.3180838858 237.891671124 0.986172996777 0.000717020249272 8.02250172753 0.515483103152 0.0474312685674
105 324.403446076 78.4544386154 284.107299249 1.17801466347 0.000856703121954 9.59575895803 0.471417929973 0.073525979147
106 1060.02133926 225.810737167 703.548977166 2.9162895669 0.00212024312689 23.7114758525 0.532059240457 0.0587607968507
107 671.891076561 154.246034349 523.890264964 2.17197463703 0.00157927650367 17.6790283958 0.496887009733 0.0339325594574
108 234.263276215 60.3695009192 238.983331157 0.991072794596 0.000721215134337 8.08054726782 0.438196433698 0.400743176193
109 165.799965674 49.7627318697 246.179103635 1.02126379056 0.000743445000452 8.34407256952 0.358282049416 0.489786754314
110 217.899969049 64.7843341795 316.107621848 1.31133448776 0.000954647708912 10.7127597611 0.363103547498 0.530957865158
111 174.906640414 45.8763993027 185.880758231 0.770884762368 0.000560977680326 6.28680807571 0.429286967987 0.37915722747
112 520.536392398 130.2497083 495.312932714 2.05393663493 0.00149443137889 16.7393916017 0.45336791216 0.32742230723
113 435.924591175 126.266733046 487.856574815 2.02305878737 0.00147204267099 16.4823010715 0.414348460049 0.379660270961
114 174.536715685 44.0383848074 168.918035745 0.700470663787 0.00050958454866 5.70936650477 0.449611955135 0.229760553087
115 275.762485662 105.521738823 267.824259384 1.10955330235 0.000806506279244 8.96256983288 0.424107188439 0.294146964488
116 186.466723287 47.1284541113 181.533220918 0.752789149818 0.000547725293356 6.13601897588 0.448364781399 0.318269100866
117 161.976800179 46.1461023181 209.649719624 0.86961676496 0.000632828310322 7.09990365291 0.386909251591 0.294657880323
118 550.258304205 127.709849507 441.214968094 1.82927712102 0.00133058242274 14.8922939221 0.490857774281 0.228588135038
119 253.280842148 59.7921759655 210.559196065 0.873010664442 0.000634944902847 7.10893034976 0.482894208752 0.150333974989
120 326.675141839 74.9679297158 254.784006145 1.05629974136 0.000768118059115 8.59788303931 0.496856302993 0.0824809777363
121 201.158522849 77.282054279 238.281106581 0.987643109059 0.000718159481935 30.7384912589 0.388554413422 0.262493467102
122 138.29776061 37.7037752677 161.517742167 0.669907350853 0.000487595854854 5.46627614621 0.408935492876 0.477744167437
123 184.191765157 55.0928968758 226.53282652 0.939493972221 0.000683693170649 7.65972308134 0.394619689162 0.413578103559
124 285.053542885 79.9225503354 316.510976158 1.31257753536 0.00095512321489 10.6986819415 0.417476994066 0.38287808727
125 180.06795428 53.3738328678 216.686968344 0.898641223379 0.000653922297277 11.1138076815 0.399238925441 0.382168646679
126 244.940109297 71.5495545981 338.542158007 1.40434011307 0.001022148497 11.4696509073 0.373135640707 0.402801079621
127 155.748854096 49.1475597908 263.753551293 1.09428800079 0.00079664418704 8.94658217636 0.331560394632 0.474143519271
128 148.861217901 45.8234620561 236.193193632 0.979891768655 0.000713365686016 8.00874109405 0.344699074431 0.503172252417
129 210.359202789 63.4904321056 317.831354461 1.31853172425 0.000959997331144 10.773800231 0.354736985047 0.600864342777
130 280.653747232 89.1842106402 362.641166001 1.50393948509 0.00109447294536 12.2572973438 0.382370306276 0.450663947488
131 182.592789132 49.3734294525 209.124395238 0.867343984604 0.000631302778646 7.07652094597 0.413144565196 0.486964275596
132 149.309108857 70.8860803853 267.011999366 1.10717556172 0.00080551333162 9.00277683037 0.305763814288 0.421328905797
133 237.356937878 89.6285662847 140.076594421 0.579309156627 0.000420313218859 4.61160246982 0.50756139344 0.160551725143
134 161.380522574 68.6413447909 94.8779005777 0.392146825537 0.000284256696478 3.10394451969 0.496109415036 0.0171541723976
135 73.1092822462 18.7539491197 73.6645972223 0.305485690638 0.000222276508013 2.49054502652 0.440859453189 0.322578359567
136 95.8903211236 80.8820806771 103.55593363 0.427821448906 0.000310225412652 3.36392662117 0.341542697528 0.506321069444
137 96.1669700678 25.7261324536 106.773865797 0.44283013779 0.000322202753544 3.61234040874 0.419741257134 0.262664273511
138 161.859032835 44.1009281267 188.401137944 0.781404770914 0.000568680146024 6.37595196211 0.409621335052 0.395894064108
139 122.991219069 41.759415277 137.80299239 0.571263671345 0.000415560888066 27.3691084562 0.405743818307 0.429385085408
140 304.455425412 79.1413802813 317.09436312 1.31502921527 0.000957005779849 10.723191331 0.433692766845 0.421924982964
141 306.686542312 84.2796908893 364.134459736 1.51029586269 0.00109910354873 12.3247963308 0.405341848505 0.363234094076
142 389.254606718 115.1482494 450.057894734 1.86635058525 0.00135810858193 15.2067407847 0.407030244507 0.418838220729
143 160.892635351 42.9822662195 178.618270287 0.74079678277 0.000539105613473 6.04296882912 0.419828152474 0.389137269216
144 122.578264731 33.4439643665 143.587187889 0.595541132684 0.000433501087739 4.85954357896 0.408314667733 0.528562602283
145 256.561412615 67.2378719308 273.118795893 1.13268353999 0.000824482626353 9.2374421775 0.428995453846 0.554446490169
146 254.007553856 68.8995987873 292.503686497 1.21316408827 0.000882894958092 9.89833199556 0.411932050704 0.396487911829
147 190.358712288 66.3861759713 235.055880881 0.974566713729 0.00070891678835 7.92478716525 0.386298632631 0.313415350944
148 239.039524927 65.8838225496 285.122147025 1.18258465877 0.000860498109784 9.65074406639 0.404309581099 0.268604161023
149 518.08867933 133.828796608 528.850021102 2.19315316462 0.00159546173677 17.881585854 0.437958760922 0.191140519752
150 278.402930058 73.1588018554 296.214459274 1.22845894737 0.000893774780014 10.018539683 0.428968492905 0.245471022014
151 248.094618247 62.3316905091 238.178651252 0.987674649557 0.000718606018749 8.04989674222 0.451414881155 0.30634531524
152 247.006797104 65.6192082179 269.169961419 1.11632420514 0.000812125787431 9.10529845726 0.423745487624 0.181884379221
153 186.812420994 47.8531773883 187.782658072 0.778729889693 0.000566652492385 6.3486868852 0.441399478062 0.363642642863
154 159.814884835 39.9051864236 152.036858736 0.630460569466 0.000458901908397 5.13814058026 0.453519850577 0.575981480754
155 215.649055923 64.4897354716 232.74224041 0.965018073792 0.000702039726151 7.85366295522 0.419675817972 0.326299018855
156 303.035442055 95.5792587182 351.003127464 1.45540712947 0.0010589158468 11.8453044164 0.403469329681 0.397222694296
157 552.963797558 183.510957872 510.609110551 2.11590392116 0.0015383588195 24.7111383074 0.44265387324 0.278849657141
158 437.35759766 101.062690499 347.675114509 1.44144906968 0.00104858592055 11.7342621488 0.49277624933 0.288518637137
159 225.516637958 52.6243354829 182.718379497 0.757557620236 0.000550961721711 6.16776873799 0.488535761224 0.148671897358
160 169.155174391 46.8443471632 204.432190422 0.847922785601 0.000617042452424 6.92017526571 0.401526474755 0.32726806933
161 668.676150611 165.492023239 619.391990463 2.56838690862 0.00186844762908 20.9286665821 0.459214464294 0.241966392068
162 155.785008322 42.0644978786 176.707156324 0.732883329591 0.000533231013478 5.97915071221 0.415105586329 0.234834294686
163 187.699460584 45.7611439418 168.19412818 0.697415078294 0.000507378898675 5.68175339004 0.466504838916 0.285878722652
164 481.852108033 113.378225444 397.771470185 1.64920955003 0.00119949672518 13.4289111767 0.48444280511 0.16282502466
165 339.754764092 87.4098627362 280.136733988 1.16125648044 0.000844459522784 9.43854680985 0.479565683246 0.177904663896
166 317.061909999 83.1979932177 255.238267218 1.05793999362 0.000769169966157 8.59168641449 0.482916133927 0.112806743397
167 285.699740803 70.5382101833 263.448477709 1.09241821648 0.000794766447966 8.90138613739 0.460227303896 0.286573807529
168 264.261342075 60.7170748811 207.140478163 0.858782939487 0.000624625246232 6.99038388298 0.495820075121 0.204569016859
169 310.197850988 73.7125793425 261.824639934 1.08558302925 0.000789594250326 8.84076923022 0.479572615284 0.175887139814
170 456.839620227 104.253267862 352.086240968 1.45968318195 0.0010614712353 11.8803356733 0.499474857108 0.10008671903
171 178.262481763 54.760705431 144.213285211 0.597520414157 0.000434284276162 4.83484275688 0.471800526832 0.1499868549
172 262.985869056 69.7732834427 287.283537191 1.19145425153 0.000867070919157 9.71824665515 0.423327507939 0.39965040913
173 433.730277994 91.1415248961 279.751328087 1.15956276467 0.000843072208424 9.42613195965 0.538271456512 0.0918637324697
174 332.830685978 74.7398286688 247.751414583 1.02709190718 0.000746898202369 8.35754065099 0.507093476965 0.120812966201
175 231.774797977 56.5984420528 208.695686988 0.865359569289 0.000629624154894 7.05017955677 0.465472073621 0.344876060462
176 348.370730264 86.6694937728 326.247035772 1.35283833584 0.000984105414171 11.0244369239 0.456795127318 0.201706447325
177 317.176843071 78.8424516966 265.064214801 1.0988900658 0.000799090213751 8.94004441942 0.478986545841 0.106422357035
178 363.069321536 96.265062288 358.932520686 1.48834232119 0.00108260147855 12.1241479699 0.442899076836 0.178927411105
179 348.150902047 78.4258538601 261.311933205 1.08332071805 0.000787908239657 8.81554518934 0.505318792251 0.201903108672
180 593.334823849 169.072448857 428.43013571 1.77494190275 0.00128993627842 14.3543869077 0.497507997412 0.143649089486
181 248.583853659 62.8339733596 241.700453328 1.00229047218 0.000729183906876 8.16965702992 0.448609092734 0.25236705055
182 214.498006926 48.6173520654 163.043669631 0.675938849455 0.000491580358306 5.50094165555 0.502530898914 0.155440362276
183 158.002636452 41.7710746688 170.52309211 0.70720211197 0.000514537509807 5.76797690672 0.425877928666 0.24782233099
184 305.050201846 77.2183776588 297.372369219 1.23315479643 0.000897099010248 10.0515868712 0.448026732614 0.221253025714
185 213.665152494 55.9308919265 192.144915647 0.79661784543 0.000579476980389 6.48155560528 0.461940596858 0.291697052417
186 215.266208914 51.0140982529 180.908242447 0.750083530334 0.000545649505481 6.10834762202 0.480570173597 0.26352158002
187 254.605114873 61.5979363667 223.966611165 0.928656308958 0.000675536938668 7.56477309929 0.470533336004 0.229027136313
188 251.622242965 58.4158941816 201.660086654 0.836081273611 0.000608087569903 6.80659445474 0.49093678597 0.169723982006
189 142.532420104 38.3479272372 160.60456745 0.666095537685 0.000484687871579 5.43406772956 0.416576932089 0.307269046556
190 341.770635813 93.8061622303 315.204100061 1.30674848503 0.000950465298886 10.6264956811 0.454428689853 0.26621327431
191 382.605702226 93.3422654286 353.214229873 1.46467689473 0.00106554308569 46.0304634555 0.460622239894 0.249013568387
192 576.185879414 140.913725353 517.754627645 2.1468615766 0.00156138616305 17.4905254639 0.465791950333 0.096781323941
193 618.104609019 157.382553484 609.83210782 2.5289014662 0.00183957764181 20.6148515262 0.44536845045 0.162428851367
194 702.681067 180.932202248 718.182715945 2.97834312793 0.00216659825861 43.2258462233 0.437868493977 0.167979534839
195 603.08907269 158.901223074 577.003491437 2.39247177038 0.0017401048101 23.2704531946 0.449600766598 0.152645356062
196 481.069561664 116.375002017 422.698637628 1.7526762855 0.00127486836564 14.2770888802 0.47076123121 0.187512888746
197 274.326266815 74.4858372381 315.733009845 1.30950457719 0.000952844042117 10.6843488609 0.411990645766 0.280830517638
198 400.379393987 109.422273093 468.148931401 1.94167928435 0.00141286534324 15.8437314058 0.408594725953 0.286672803689
199 374.663318143 93.2902923261 351.384991085 1.45707865019 0.00105990030982 11.874009485 0.456462970473 0.181548072825
200 149.630694595 42.5959414458 194.533146205 0.806920602218 0.000587404382477 6.58818508781 0.386076684897 0.53425265925
201 567.942255595 138.272987757 506.253153485 2.09915755284 0.00152690584054 17.1010298052 0.467608030158 0.18553165838
202 514.643799661 136.400395232 473.391456404 1.96268287981 0.00142755451599 15.9710296285 0.456892674471 0.221938819419
203 369.238488753 92.8674367523 354.962668455 1.4719529642 0.00107087027241 11.9970407616 0.451093115764 0.256825311739
204 492.6029593 126.387639045 495.795883528 2.05605120691 0.00149585728989 16.7623414399 0.441066922987 0.254906535726
205 440.835957518 112.081783181 401.558872721 1.66497344302 0.0012110926227 13.5572053868 0.461056610436 0.21953664884
206 464.561858242 117.406867484 452.013838098 1.87442718118 0.00136378295018 15.2784927357 0.448480099711 0.300053805338
207 485.348163789 140.362117332 483.0465928 2.00266817979 0.00145656288021 31.4412660805 0.436951031205 0.217704059946
208 402.48645701 97.1433526646 321.937246506 1.33463395696 0.000970549160364 10.8566840645 0.489105791291 0.136457480448
209 219.092365799 52.1273013085 185.325765223 0.768403035664 0.000558869609704 6.25780711224 0.479084779663 0.14839439831
210 795.644425192 202.123011029 645.173948914 2.67443053995 0.00194471678014 36.8896371582 0.483492852558 0.147667131974
211 303.405855854 71.5417846884 252.025648172 1.04493784834 0.000760102714527 8.50887659628 0.483115737416 0.238626518269
212 683.682768841 170.34830203 641.582985268 2.66043425608 0.00193512177095 21.6804516639 0.456312838671 0.143980551154
213 393.077464677 93.6131238448 333.848181424 1.38421939152 0.0010069201241 11.2732404683 0.478240648122 0.239701680069
214 328.150348789 72.4073552847 235.272266364 0.975317475141 0.000709265065519 7.93422015892 0.515306624377 0.152389689838
215 378.800001826 94.1021599288 353.178183694 1.46450490376 0.00106525291543 11.9340918951 0.457738954036 0.15593571304
216 544.149534773 133.126854793 489.952007267 2.03158486103 0.00147766954045 16.5515822614 0.465378834148 0.145969677019
217 728.880528374 171.371868551 600.202185373 2.48850376795 0.00180980955984 20.2626591332 0.484968231619 0.125684843272
218 379.14547811 89.4693368106 314.946826524 1.30581681095 0.000949734292605 10.6332188338 0.483068848549 0.155254012274
219 373.944845912 82.3610649603 266.785027717 1.10594581068 0.00080417262947 8.99660025596 0.516357414298 0.0958502329648
220 419.428206908 108.633866139 429.976539425 1.78312718745 0.00129703892627 14.5388371989 0.436984934588 0.120135295467
221 503.27608503 127.505064015 491.397637619 2.03774861655 0.00148239373907 16.6100840386 0.44766769178 0.206294428958
222 483.033672958 123.22983841 417.628110142 1.73140771072 0.00125927483239 21.6621598901 0.470965516687 0.212087546786
223 614.055046963 157.965635892 623.280916097 2.58475395266 0.00188054335641 24.8621850241 0.439273349808 0.262129508309
224 462.95957225 126.517696632 419.363003588 1.73851334598 0.00126465069381 14.1345004271 0.458112716589 0.347933041798
225 332.614348531 86.7630506151 347.39921911 1.44070485828 0.00104810291939 11.7481954949 0.432968490462 0.196848612919
226 135.94974887 35.8746912811 146.321624836 0.606831728074 0.000441553464872 4.94927364166 0.426504549281 0.3117494568
227 365.304333545 98.4459290856 413.647416888 1.71558118404 0.00124842796937 13.9962619005 0.41553669033 0.346016477511
228 279.804011297 72.8071331523 291.909359713 1.21058520353 0.000880954096793 9.8716239765 0.433312928828 0.38954740916
229 465.041637226 122.358714496 497.382011167 2.06275391069 0.00150098620477 16.823044321 0.427881570054 0.3360383718
230 132.47950704 34.3063751674 136.524094346 0.566175540695 0.000411979137261 4.61650103652 0.435964870947 0.344442566094
231 137.583685992 37.3625738795 158.801217353 0.658631982291 0.000479314801034 5.37391804122 0.411426361544 0.377690559228
232 162.253485826 51.0273254148 181.52671863 0.752640255764 0.00054754970134 6.12276772479 0.410186043698 0.367820387668
233 306.060036906 78.488290815 309.162905668 1.28209930315 0.000933100079638 10.4527448224 0.440377787228 0.474407708408
234 347.778744383 98.6327207384 407.882353873 1.69162129378 0.00123111588785 17.5834239353 0.406289906142 0.442053404423
235 348.027667462 94.8279496984 404.55679902 1.67791922731 0.00122103095971 13.691050647 0.409882379377 0.339750982705
236 370.407296417 98.072437808 401.16048805 1.66371883193 0.00121046697419 13.5696529364 0.425117762414 0.245440950014
237 437.388878382 113.845808737 455.21488253 1.88782478329 0.00137350291449 15.3939137497 0.433771756369 0.256523620351
238 770.282616392 196.900691318 616.800150202 2.55670584654 0.00185913656917 39.713546157 0.48551037746 0.177926021264
239 434.521907169 103.979065295 372.411060564 1.54412320046 0.00112309986131 12.5762573904 0.476210686257 0.162306823123
240 530.295472309 132.276713096 499.68239243 2.072030447 0.00150729679036 16.8858561688 0.455451917044 0.208593791915
241 559.817124451 144.134850264 568.558115311 2.35781681902 0.00171552053526 19.2235807888 0.439117157261 0.294305606791
242 461.064012954 111.465743827 404.743601768 1.6782267073 0.00122075871097 13.6705489304 0.470976752016 0.209442042634
243 338.104603481 101.928870014 324.226617447 1.34398831759 0.000977316668893 10.9154910604 0.441617516207 0.198855513192
244 158.358580554 43.4970958704 186.441764952 0.773281778158 0.000562537292399 6.31004317688 0.407016879368 0.1122441456
245 282.13886422 70.0264721465 262.405733549 1.08810054669 0.000791439547948 8.86667645497 0.458270606632 0.138536322992
246 631.170829897 151.862285904 548.815445778 2.27558549448 0.00165543501537 18.5353944467 0.473096936368 0.268622994975
247 455.531807452 112.120053939 416.223087172 1.72589562354 0.00125543461745 14.0623807555 0.462186320044 0.190799903664
248 226.544583235 52.6142694173 181.878257383 0.75406803438 0.000548483652746 6.13898193187 0.490577397143 0.215931120063
249 261.565948638 62.5506102315 224.012297306 0.928819236624 0.000675603893508 7.56481834026 0.476390074304 0.196105540406
250 243.559337793 67.339729753 292.232993619 1.21208302923 0.00088189243666 9.89178594778 0.403013721103 0.21163289142
251 299.663425238 81.0797354322 341.752105234 1.41740603068 0.00103130902302 11.5641175796 0.413949099036 0.253798583433
252 490.187876825 126.742870361 500.952704492 2.07746290898 0.00151120794943 16.9384237748 0.437682430709 0.151572220604
253 278.44603098 70.9466297171 275.790987696 1.14367919194 0.000832063097857 9.32315881012 0.444568915976 0.256224736857
254 589.009549082 147.463161521 559.864936449 2.32161012844 0.00168890220532 18.9207988861 0.453551445324 0.2223764563
255 151.354971203 40.4689334944 167.784025584 0.695860277504 0.00050629643596 5.67635456608 0.420075398833 0.249286732988
256 344.883875117 88.4799220278 347.668228431 1.44177447429 0.00104907414972 11.7544429667 0.440760333067 0.33142119044
257 272.322309409 67.9632637357 257.043952587 1.06588521271 0.000775407405124 8.68644319071 0.455086973514 0.231804330067
258 219.254140586 53.0255478773 192.453259363 0.797986410511 0.000580422962454 6.50025909712 0.470975935423 0.167951312386
259 237.38116362 60.0943812736 231.832787149 0.961375932197 0.000699464129123 7.83637234244 0.447660590313 0.291906401575
260 322.256965197 89.473493707 352.278979476 1.46089367716 0.00106273396146 11.907471924 0.420991518938 0.189507409393
261 474.331434216 117.397106746 439.625706921 1.82296526485 0.00132621938745 14.8546002077 0.459099193549 0.265038924552
262 636.04922573 169.983778427 633.515758089 2.62692042787 0.00191098970232 21.3980551949 0.44103391186 0.247811340613
263 244.323890112 62.1800969192 241.704024899 1.00232384992 0.000729297255313 8.17078169536 0.44486337885 0.321548539124
264 244.874015385 64.8865613976 266.635656036 1.10581743253 0.000804733999319 9.0195707377 0.424022172828 0.388330662646
265 279.702396821 80.3743299225 328.788964671 1.36356909956 0.000992119990433 11.1182628129 0.405230567269 0.282623042693
266 200.490868722 48.9194739644 179.865999827 0.745812797545 0.000542560121737 6.07609156274 0.466233223768 0.253234905489
267 286.031720032 71.2848187599 269.712618833 1.11841945421 0.000813757182274 9.1145042787 0.455356925537 0.333000161906
268 275.290839429 74.4309694477 313.020075197 1.29823599951 0.000944535793292 10.5916609664 0.414568998968 0.209356994133
269 134.539203454 36.3229761067 152.482119768 0.632410573951 0.00046011630067 5.15942808607 0.415273716497 0.216679134299
270 256.489069987 70.3183701254 301.235120615 1.24939524685 0.000908980806248 10.1950555918 0.407582993977 0.177877459659
271 159.233630157 40.4698008988 157.280105274 0.652225662401 0.000474618755477 5.31678053477 0.445239083338 0.395824526263
272 481.956474015 122.981397568 478.773998788 1.98543562093 0.00144442757175 16.1853611194 0.44391363058 0.237244425825
273 201.040677218 51.4958774359 201.157377512 0.834187575945 0.000606823058416 6.80062466246 0.44230576742 0.17307181794
274 253.417389005 55.4586385186 178.531772995 0.740086240429 0.000538209606005 6.0198816004 0.519140032095 0.168902394847
275 408.899044173 109.282327427 349.125672049 1.44722256656 0.00105239132177 61.005941438 0.47067227724 0.185869116041
276 242.951291839 63.861394757 185.102420515 0.767130129394 0.000557672691352 28.9521367628 0.493119090716 0.122845497104
277 367.839734242 78.3897989311 244.46101974 1.01332049779 0.000736761771404 8.23906840551 0.531787310411 0.0885021509968
278 250.488856481 63.0447598318 241.608638962 1.00190288665 0.000728735018386 11.9545179083 0.450402156674 0.111661373955
279 555.477613768 126.367088152 425.885451244 1.76563334529 0.00128386483237 18.1583901114 0.500657125287 0.0620665040816
280 765.272149407 158.806725238 480.129993908 1.99006040314 0.00144665517756 16.1741564007 0.544212732893 0.0215717464438
281 844.583327423 183.421821758 584.184620097 2.42162549037 0.00176067208842 19.6951725603 0.52308710887 0.0573252995181
282 262.648964573 64.5040512532 208.516638864 0.864386855187 0.000628527514316 7.02807349674 0.48952841116 0.114734758501
283 811.857740715 177.355809537 568.786518304 2.35783026259 0.00171433732421 19.1780097883 0.520301688066 0.0657539109026
284 222.445662904 49.5963362963 163.110593785 0.676189328866 0.000491740442836 5.50165085306 0.510396332111 0.147924351341
285 497.912618008 114.062449342 387.201809287 1.60528236596 0.00116742023412 13.0661345 0.497522895178 0.129555237586
286 374.514938435 95.4971959998 369.941649921 1.53410320523 0.00111580164998 12.5056147661 0.445062189688 0.08383509888
287 514.52324573 115.268399934 381.125274743 1.58000572457 0.00114899561737 12.8562217366 0.508172072984 0.13293425765
288 231.466198867 56.8386090903 210.369775197 0.872306919066 0.000634519660057 7.10721181556 0.46335170824 0.188040193099
289 211.364127556 50.8945683373 183.446667434 0.760631589354 0.000553187501356 6.19552991089 0.473415373343 0.103435832164
290 1078.93890011 298.90937197 1114.25501162 4.62033378437 0.00336076608464 37.6312463229 0.432141323223 0.185129294813
291 150.522812506 41.4465241692 179.34648986 0.743865019469 0.000541303600541 6.07044203497 0.404565710636 0.314838559566
292 457.613303434 123.179625343 431.075536212 1.78726878815 0.0013000951733 22.1206784476 0.451447864654 0.278443427577
293 772.245013763 191.559360302 718.126561619 2.97781068493 0.00216610626175 24.2654705591 0.458329878479 0.186628391384
294 316.914038546 74.9433637016 264.547638616 1.0968601037 0.000797772972642 8.93197340795 0.481996559335 0.163905177631
295 649.430457958 156.347832853 563.889397059 2.33807798264 0.00170052651996 19.0442709142 0.47334323892 0.139421534281
296 394.094676841 98.507624645 376.412073577 1.56089805293 0.00113540297076 24.0867518538 0.452682467598 0.160630099481
297 482.884583271 114.279503909 403.009735395 1.67094435186 0.00121513845125 13.6068509865 0.48199482946 0.0774475403121
298 343.880228395 88.3035628823 345.680190346 1.43352021449 0.00104273779831 11.6869332098 0.441268921633 0.131197466542
299 344.089742549 87.0185204414 334.155834423 1.38568263942 0.00100795132036 11.2945901608 0.448822003359 0.155301082721
300 429.32547324 100.021217193 346.539279391 1.43675946185 0.00104491552891 11.6973064369 0.489358074937 0.1390707733
301 481.687354341 126.417023272 509.748321239 2.11401034249 0.00153784679679 17.2399653138 0.430090188372 0.156088076134
302 498.567809199 126.166298954 485.076748015 2.01152824487 0.00146323168805 16.3959976521 0.448423381325 0.170485311638
303 262.833476791 68.7299773068 276.505852088 1.14671119396 0.000834301015186 9.35123573195 0.431428441394 0.25270185995
304 253.692242084 60.3480646736 214.059153352 0.887534146675 0.000645414662655 7.22788178901 0.479580661358 0.0581224115687
305 220.776704857 54.5439308795 203.108985043 0.842208990167 0.000612565614732 6.86249985881 0.460649695987 0.121581868491
306 856.415429785 190.786947883 626.208209443 2.59599029757 0.00188766696755 21.1212825691 0.510985145738 0.0919815769058
307 387.295644965 92.6872792902 333.797070622 1.38403322076 0.00100682585416 15.0611977176 0.47511317141 0.256432336867
308 739.835895201 185.204139715 702.713565927 2.91396178628 0.00211974805231 23.7482745534 0.453700650228 0.201548108208
309 914.161056433 222.117469366 811.945303758 3.36668730984 0.00244879375617 31.2149171218 0.468417888626 0.162202768444
310 599.99812469 141.889951734 501.254610755 2.0782912633 0.00151168601355 16.9240615714 0.481840096406 0.200066799247
311 414.645033877 108.70540588 438.98536066 1.82054968834 0.00132459276337 14.8468292715 0.430059361408 0.26637708903
312 725.799869731 161.962022567 532.444473044 2.20729326196 0.00160497374817 17.9592039561 0.510258774857 0.0720588401035
313 480.807895601 108.090832372 358.507785749 1.48625120054 0.00108072177577 12.0939104436 0.506703566271 0.081139081333
314 496.682948595 103.837334102 316.764243146 1.31296245305 0.000954543073116 10.6722849999 0.540696484374 0.0652527751845
315 432.635968413 99.5624458156 339.368860298 1.40698521118 0.00102310181756 11.4527646614 0.495587878508 0.0644930648861
316 341.286532575 76.1796246502 250.441082914 1.03822452114 0.000754894671045 8.44732755767 0.510185307276 0.0556817694717
317 709.726742013 158.592815666 524.292291129 2.17352290717 0.00158046916005 25.2620957389 0.508842401272 0.0848683572474
318 283.106701004 75.5424407092 312.248338083 1.29499890092 0.000942203192161 10.5634085912 0.421168509244 0.240042101032
319 484.902208347 126.226737932 504.572793119 2.09251619856 0.00152238642942 17.063010866 0.433802146956 0.239029661567
320 484.603320609 130.686462696 460.685971318 1.91006336687 0.00138939156995 15.5454300779 0.449586299281 0.257506233137
321 219.255879025 54.094580832 201.34791486 0.834905998529 0.000607305685351 6.80292172161 0.461073089738 0.174558454879
322 1018.304727 229.386413381 696.648407996 2.8875077442 0.00209926019824 23.4610668801 0.522950636901 0.080006750122
323 416.151899783 119.429024526 306.714116395 1.27073111181 0.000923454847295 10.2795504937 0.493324241126 0.0989088804284
324 496.814572145 117.322666897 412.968110604 1.71222737431 0.00124522687939 13.9426684329 0.482898019945 0.110822230944
325 549.804167997 132.351765625 477.591599814 1.9802599023 0.00144034673129 16.1297907295 0.473263607436 0.167245183836
326 358.446420013 79.9823106643 263.100363943 1.09070611833 0.000793130390088 8.87433893313 0.510156438824 0.108430807991
327 357.8405793 74.5710707706 227.394569955 0.942531470538 0.000685194018705 11.4494936238 0.54156774025 0.0357171069304
328 737.831450057 154.67586046 425.839169613 1.76463294112 0.00128259855912 14.3161177832 0.558915629061 0.0571561830751
329 875.768773416 193.181326607 626.274427883 2.59619778668 0.0018876156422 21.1198071098 0.51581877079 0.0450978636502
330 162.807745868 44.0518475565 185.675335193 0.770082542742 0.00056031281021 6.28283271569 0.413947214779 0.251840369331
331 410.7702335 107.962851135 439.944926604 1.82455720761 0.00132772823866 18.668945758 0.427661184026 0.368680590881
332 124.406737676 35.7513291799 164.843075214 0.683776075751 0.000497644286673 5.58333762097 0.381984367874 0.36081931055
333 216.301453609 58.6167524021 248.546915944 1.03085062787 0.000750217743999 8.41071393139 0.412398103183 0.400653921358
334 185.557829289 46.039174093 173.594717724 0.719842314855 0.000523852260826 5.86601183003 0.457137974223 0.45220123708
335 138.500324074 37.4239116378 157.920494917 0.65497159575 0.00047664126569 5.34368038544 0.41405156955 0.369193258397
336 131.077291767 33.7618384312 133.917529163 0.555363021666 0.00040422824729 4.52808230133 0.437927998016 0.534075047597
337 166.072143067 43.766265003 178.702322395 0.741123956826 0.000539371760191 6.04453535884 0.426610978854 0.436256962142
338 123.005437396 31.8781600509 127.62517294 0.529276709523 0.000385277300953 4.31577904883 0.434589169973 0.589755221774
339 235.367805793 56.9749766376 207.856959956 0.861864826584 0.000627094990627 7.0208435086 0.469737668651 0.365926599627
340 297.077624281 77.4491993725 310.682697267 1.28844151901 0.000937483559955 10.5066564375 0.432743044911 0.30053709764
341 151.149748833 36.4330909803 132.304074091 0.548585226454 0.000399177282241 4.46857522735 0.471700423176 0.407574135115
342 337.243063128 86.150391011 336.970807687 1.39740153454 0.00101686097122 11.3920657469 0.442714078654 0.381393221839
343 307.794947592 79.6982831286 317.051122955 1.31483368813 0.000956726458794 10.7209076124 0.436056561868 0.334018399324
344 199.485848399 51.1160992491 200.31666772 0.830706033968 0.000604397871044 6.77239232911 0.441584684371 0.284290117892
345 284.621437776 77.1266058059 325.576660321 1.35032207396 0.000982468507044 11.0169879207 0.413287865826 0.231871843166
346 222.452425001 63.7915900503 292.949613496 1.21516014671 0.000884338544481 9.92199436616 0.383267949065 0.330717039937
347 170.522698747 43.1778763941 167.215341604 0.693421974821 0.000504650528867 5.65234231738 0.446850891583 0.465837971456
348 144.415601884 38.4457439066 158.871689394 0.658894223664 0.000479474743627 5.37457540531 0.421783889295 0.355240037736
349 214.363967236 65.2475647243 231.225745919 0.958694459286 0.00069749211053 30.5281301488 0.418845959484 0.409697968113
350 210.90291932 53.7180285137 209.400429851 0.868368296093 0.000631914429507 7.0789423149 0.444108638829 0.404388827692
351 157.756970678 38.8449124711 144.803599661 0.60044214224 0.000436892206371 4.89245343594 0.461269111566 0.362734126556
352 117.681491791 34.5643747597 164.758564121 0.683458432619 0.000497436082717 5.58237986234 0.370430575295 0.369618311289
353 85.3074082551 26.0469941918 132.43304745 0.549413358404 0.000399962643384 4.48991194998 0.349137937995 0.487767970013
354 134.722103305 57.448588184 176.689859744 0.732348245341 0.000532623517986 5.93677874536 0.364514332788 0.40476576203
355 128.959988102 44.5022734332 149.457762 0.619601725617 0.000450719555975 5.03420118412 0.3985904612 0.38895326357
356 150.253170392 40.6838407116 172.278837234 0.714526539319 0.000520002251772 5.82975281357 0.412861816643 0.394219223741
357 145.495495795 40.5777999304 179.336711036 0.743849005994 0.000541388499002 6.07146121165 0.397361050216 0.422808921742
358 171.413960817 43.2339843966 166.292615377 0.689587139687 0.000501787016685 5.62072964468 0.449161934539 0.378822682772
359 267.672549972 73.0883025408 318.491182365 1.32100257462 0.000961576859362 22.145430478 0.405212058551 0.524312420256
360 176.876812729 43.7638946936 164.64998052 0.682748698953 0.00049691932294 5.56354293235 0.45826103099 0.530301542402
361 119.915630698 34.247306866 156.837676807 0.650562919867 0.000473528965205 5.31176467233 0.38477457245 0.451649523334
362 110.358274816 31.8251343011 147.836321553 0.613238126906 0.000446360866041 5.00765890518 0.379716402382 0.44131789355
363 149.884037852 42.0477510036 149.735736193 0.620834718027 0.000451688587724 5.05269930835 0.437887634173 0.38074356137
364 281.252602243 76.6582293003 327.434519043 1.35805345499 0.000988307189824 11.0811887085 0.409568666484 0.369423725647
365 314.973874162 81.5213752295 324.257076773 1.34471701894 0.000978500195867 10.9645304397 0.436192683962 0.353625659046
366 348.750457232 88.4881781891 342.332043478 1.41960683043 0.00103285061022 11.571863055 0.446548442902 0.285610928081
367 255.52875598 69.2969433244 293.325997391 1.2165686495 0.00088523387691 9.92593014865 0.41256293721 0.292274061785
368 578.10907173 169.944821851 607.936268033 2.52064232088 0.00183352938786 20.5126875626 0.425545597286 0.257931490878
369 265.757598883 68.766475607 273.011328124 1.13219349561 0.000823767514915 9.23154752082 0.436621303495 0.286403661342
370 270.852256086 75.212880703 329.980454344 1.36867034789 0.000996077118569 11.1706695977 0.399831939219 0.379766865397
371 255.549275689 61.7560807542 224.991995756 0.932911803964 0.000678835349268 7.59943998964 0.470424741186 0.408315577386
372 261.488153917 69.2658828841 284.605255527 1.18034256891 0.000858988627658 9.62740725899 0.424121621386 0.404342287128
373 361.867469106 91.4087760643 352.356252557 1.46116697583 0.00106325603983 11.9100360195 0.448358112834 0.388527547675
374 198.962842114 52.866100293 218.151688122 0.9047462583 0.00065843015577 7.37983505364 0.422528652866 0.406752141884
375 179.106648884 56.2228556334 189.187599638 0.784315624603 0.000570664581883 6.37471546753 0.421128169884 0.508574688563
376 207.628310402 62.4146601188 174.840913625 0.724536861647 0.000526845002145 5.87044446066 0.465942866279 0.330121276081
377 70.1334994581 19.9822066733 91.4450116452 0.379313728773 0.000276137896474 3.0969922842 0.385475326312 0.567599660336
378 160.500814862 39.0975915533 143.980267973 0.597014899072 0.000434451099642 4.86381320219 0.466333379314 0.445633475873
379 154.755724067 41.1695067569 170.621766722 0.707629347398 0.000515076044866 5.77216140936 0.421384771462 0.530744680006
380 118.282498342 35.8524689692 136.029991208 0.564073322967 0.000410389276117 4.59375973892 0.406847333501 0.328492159659
381 120.571433462 33.478798134 147.077645641 0.610039923407 0.00044400617962 4.97899329512 0.399589342886 0.437483739992
382 186.440803259 49.3841777224 202.905508696 0.841509386345 0.00061240537261 6.86372713515 0.424141082484 0.405416637723
383 171.343627892 42.2133006233 157.379815102 0.652590746823 0.000474814225734 5.31739101954 0.461109598971 0.333770288612
384 210.161591825 60.0841226815 275.086270251 1.14105766759 0.000830468242429 9.31663295863 0.384577565826 0.383054875619
385 154.093037871 44.1555483768 203.444760606 0.84389681169 0.000614292287017 6.89065985182 0.382803840247 0.494481659146
386 152.56917425 42.4036733475 185.547473509 0.769597752555 0.000559975243577 6.28114978664 0.400138956305 0.239404767222
387 178.189269208 45.4412806298 176.985750645 0.733945727474 0.000533998755454 5.98315299781 0.443973895142 0.290299132758
388 198.824475666 49.7056232131 188.777455619 0.782810243397 0.000569561463648 6.3797454636 0.453842935559 0.321430234058
389 167.331791402 41.2356002086 153.780841207 0.637667596375 0.000463955400858 5.19581359713 0.460986438685 0.332228751033
390 309.178448701 97.1707381987 319.533342391 1.32462581209 0.000963381327819 10.7625327869 0.425158136774 0.260791113844
391 134.256156008 34.4873621456 135.636623157 0.562483711236 0.000409257150359 4.58585681105 0.440266347862 0.297352906718
392 144.719987477 36.9418134646 143.700959974 0.595914925348 0.00043349950091 4.85791029305 0.443982031273 0.185578391203
393 162.189138031 40.3568769495 151.880914089 0.629799543028 0.000458126381976 5.13230761655 0.456797226162 0.183622369266
394 293.978407129 83.3837126815 378.297055521 1.56915494572 0.00114219133983 12.8108184625 0.388228955446 0.483920224927
395 73.2635604939 19.69357366 82.5671133686 0.342441643118 0.000249214804918 2.79367205275 0.416585181778 0.402055504263
396 111.216480192 28.6216439941 113.223084665 0.469539833808 0.000341717406092 3.82826258817 0.438669987242 0.453877672001
397 208.491085665 57.579310879 251.1588472 1.04173029549 0.000758227509753 8.5017447006 0.402281414719 0.463941388902
398 176.5326924 66.4288493253 200.341276143 0.830347116157 0.000603989675061 6.73149656385 0.397476401778 0.503964763484
399 212.838432527 65.4603195489 228.631142535 0.947909830082 0.000689676623348 7.70961525875 0.419073528397 0.446429155849
400 137.077962385 35.7402660454 143.704604921 0.595964136029 0.000433694772069 4.85988289139 0.432260011081 0.396724544476
401 165.794671222 39.7239229039 143.117594455 0.593413544334 0.000431776401631 4.83330631588 0.47474345024 0.385052493176
402 118.41348224 32.5682426226 140.800004083 0.58398719402 0.000424977793763 4.76567680094 0.405017769115 0.341118440779
403 186.27863938 51.7421128643 226.835779175 0.9408527388 0.000684680485538 7.67893127053 0.399912863195 0.335843387564
404 75.3818073558 29.1619621798 99.7474486642 0.413532724517 0.000300898158003 3.35951334634 0.368245955264 0.578854533196
405 139.189224737 34.5389407086 130.454301431 0.540954422202 0.000393726598267 4.40828243264 0.456771731891 0.540948313907
406 152.844600259 36.1008396227 140.229169014 0.581517418929 0.000423214377127 61.5636122879 0.46350739804 0.485217253935
407 159.856869857 49.3597546287 169.093215121 0.701036682467 0.000510024689373 5.69992066101 0.421773264945 0.426055277892
408 137.010929216 33.6444615623 125.03382805 0.518461997963 0.000377254252627 4.22431639254 0.462549635226 0.38494393705
409 264.778038515 75.4493306265 343.165053592 1.42343429827 0.0010358884269 11.621583749 0.38664063526 0.322538408256
410 187.848702274 52.2160911056 229.55936785 0.95215371259 0.000692974290846 7.77132022152 0.39918801623 0.40381119041
411 235.05510474 58.4005677542 220.315007166 0.913577258554 0.000664767001431 7.44486683116 0.45669708755 0.384071785738
412 231.034421098 64.9317201989 251.044806849 1.04104337612 0.00075750557102 8.482603802 0.421555081163 0.379871049917
413 356.789832329 91.578476843 360.264533401 1.49401423408 0.00108712752877 12.1804580776 0.44041170904 0.355565661232
414 263.879937886 66.8314906777 259.720567334 1.07703647914 0.000783726358187 12.5679705485 0.446112525442 0.377422963751
415 216.399131182 88.7672873379 178.459369667 0.738786762415 0.000536446185512 5.92996537563 0.446768617497 0.0932292685721
416 276.567784382 59.1055837471 184.908848208 0.76647482225 0.000557286745326 6.23228803182 0.5304846707 0.0861555572198
417 158.798400685 39.7746468143 150.956710874 0.625976648502 0.000455350335855 5.10162476455 0.453507334873 0.182765360799
418 322.550278208 89.2836902691 305.21305422 1.26537189537 0.000920454067294 29.2329862486 0.449038423 0.311281778885
419 104.336213162 30.9635387243 150.430122891 0.624037461756 0.000454262272135 5.09782374001 0.364360475579 0.476334667714
420 151.619160899 39.151498155 155.422795837 0.644547230558 0.000469049210292 5.25535984253 0.437146318825 0.405276647949
421 275.750576319 77.36909942 344.208284752 1.42771405209 0.00103900763403 11.6541329409 0.394630306903 0.342637389775
422 141.400062049 46.2497192987 210.006891656 0.871091744206 0.000633984557854 7.10857254773 0.354805485628 0.418834176953
423 133.298101842 28.0898240247 86.6742212185 0.359266921103 0.000261288136568 2.92062805929 0.536579997233 0.245395549133
424 151.0461204 45.961226215 132.721597491 0.55003600282 0.000399870206809 4.45917608341 0.45732833945 0.166554106511
425 168.54680829 40.9173478093 149.280326304 0.618980579808 0.000450239831089 5.04239392265 0.469014283539 0.188169518298
426 144.235310645 40.9234544792 185.541588049 0.769615276044 0.000560169493493 6.28324623584 0.388281975374 0.439791541115
427 230.580788505 66.8732718325 313.570777812 1.30073710748 0.000946823007121 10.6225797323 0.376565084461 0.472027148349
428 170.879577352 49.4495657802 231.165186445 0.958902536922 0.000698006107516 7.8307387076 0.377672876677 0.483224388402
429 191.661405311 50.0937373293 202.07083044 0.838022029887 0.00060984523616 6.83401142121 0.431024649083 0.394596281951
430 261.13686788 60.9689297354 231.040533094 0.958061542091 0.000697098131996 91.1486579451 0.471276790088 0.358996278337
431 110.867205156 31.2637214022 140.776764004 0.583927577072 0.000425065966181 4.76692236053 0.391076955468 0.528505002006
432 185.506866599 54.7130094042 220.349426576 0.913817954451 0.000665015075111 7.44870051413 0.401979164616 0.437245843658
433 152.76910742 42.2739718306 184.754791631 0.766308776437 0.000557731891605 6.25412044813 0.401427385174 0.426611168849
434 396.515348897 98.5816142148 372.29230704 1.54378245018 0.00112335813204 12.580625875 0.456323804342 0.394731627787
435 354.233040979 89.9342418624 347.654272772 1.44167524036 0.00104879439525 11.7517409401 0.446551105435 0.218231555052
436 354.058232318 80.5091846135 271.132995158 1.12406011737 0.00081751322424 9.14830040187 0.500913362138 0.175308186851
437 472.321791503 100.392951014 312.134931072 1.29382853384 0.000940702095731 10.5193974371 0.533007677617 0.0854817225902
438 277.702899963 63.1519270319 212.558221443 0.881220405287 0.0006408584285 7.17190404544 0.501002075073 0.139706474873
439 448.02361777 119.329745719 456.802959538 1.8942615293 0.0013781180588 15.4359869267 0.436648078331 0.271853657948
440 239.337175745 57.9042093394 210.464741719 0.872671502353 0.00063479432469 7.1087107532 0.470599399363 0.212819928559
441 280.295600142 59.4534863477 188.425778773 0.781075088813 0.000567873320584 25.2932433503 0.529902923555 0.0488960810369
442 306.435222069 65.0731687475 202.072720222 0.837608091174 0.000608983969649 6.81002471349 0.533469552766 0.0740901719235
443 185.809275723 56.1852440585 147.863657065 0.612644561115 0.000445310654103 4.95742871909 0.475859023596 0.191317239774
444 155.616985732 55.1204912567 134.084123723 0.555423818263 0.00040359108926 61.3058943097 0.450570804753 0.173411667994
445 292.806060453 63.7865687383 203.693764845 0.844378153948 0.00061386294618 6.86764060028 0.521813727998 0.00864553009653
446 206.173432632 43.9109863111 137.211122795 0.568759404322 0.000413684150533 4.62442778508 0.531560167116 0.281250602014
447 251.504801323 65.9773548304 161.758299607 0.670089451484 0.000486941786141 5.41712182394 0.524065471457 0.127085543548
448 408.25039463 82.7164603089 243.977813863 1.01119180643 0.000735266906964 8.21541395039 0.554720749726 0.175827958345
449 228.93143803 58.7001010784 230.942425813 0.95771672674 0.000696962452944 7.80805537612 0.440649028733 0.424459186633
450 337.636544355 84.5031601456 320.841261023 1.33044303749 0.000967887795226 10.8429065991 0.45362210147 0.2418307175
451 147.552393044 38.248856035 152.72518027 0.633366379768 0.00046093750861 5.1644903827 0.435052132859 0.436139836426
452 133.520830829 37.3967265695 129.106698602 0.535269554097 0.000389402589162 4.35428369712 0.444240313443 0.358790132377
453 151.318057938 41.7037443707 181.182615355 0.751485470234 0.000546934529522 6.13279966843 0.403561688059 0.419784384414
