['year_Predict', 'Compute_Step', 'p', 'mu', 'k_1', 'k_2', 'alpha', 'a', 'a_1', 'a_2', 'beta_2', 'beta_3', 'rho_1', 'rhoR', 'D_0', 'D']
['2022', 1000, 0.55, 0.0144, 0.27, 0.07, 0.15, 0.14, 0.08, 0.014, 0.33, 0.03, 0.033, 0.04, 17.5, 0.0144]
['ploygonID', 'S', 'E', 'I_1', 'I_2', 'I_3', 'R', 'SUpdateRatio', 'IncreaseRate']
2 11.2602269928 43.2315727398 50.6623732214 0.227201208678 0.000181501707633 12.0163936157 0.106851971598 -0.764698317864
3 13.5759063636 53.1708966152 63.8267702946 0.286277006871 0.000228726622959 15.3908847512 0.103743681546 -0.770861781629
4 24.774981194 109.226303601 141.433576456 0.634616795395 0.00050725038306 50.2130027306 0.0897416688287 -0.695416775996
5 50.4266730599 225.471547519 307.268327482 1.37907411953 0.00110258496788 86.976346468 0.0862662827855 -0.690928057141
6 24.2834631121 107.685963661 147.075062227 0.660105626179 0.000527767374051 38.1940530554 0.0868180850754 -0.718741411023
7 45.2632999374 179.053383446 217.636769984 0.976215457694 0.000780021538643 52.9233012532 0.102190535908 -0.736846132922
8 17.64203773 79.2983473581 112.072107201 0.503086913037 0.000402295593343 29.7577549865 0.0842037805607 -0.728142079904
9 43.1848022182 188.335447093 259.889213444 1.16649925451 0.000932687523528 68.3117417782 0.0876711893781 -0.731855548009
10 16.7524428392 80.0232407593 126.382142576 0.567604493802 0.00045411797923 35.6368074169 0.0748793232179 -0.722010512554
11 18.9331330304 83.1553074182 115.890888911 0.520194929492 0.000415947961995 30.6322305362 0.0866505181184 -0.718511033627
12 41.2316786311 178.917470833 245.222183141 1.10063095418 0.000879992123883 64.2094864741 0.0883903086774 -0.719939797372
13 16.5879266473 73.1751727179 102.596448344 0.460533836531 0.000368253744506 27.2086051413 0.0860278391866 -0.731163002542
14 25.0514367953 110.912635751 156.3202878 0.701706127979 0.000561115027633 41.5762873688 0.0855036866409 -0.718953099563
15 16.5911397427 73.3022085478 103.056696649 0.46260579629 0.000369915467713 27.3737644289 0.0857808832457 -0.66082690243
16 33.8467748783 146.095291142 198.794002233 0.892215932858 0.000713331396248 51.8377312407 0.0891575066701 -0.718833353148
17 23.1200958681 95.5877953845 119.487615217 0.536045580769 0.00042838054878 29.3985350864 0.0968454072485 -0.717974435255
18 23.4611953967 103.602275379 145.509511461 0.653166899532 0.000522292107758 38.6274505462 0.0858671493305 -0.698865904208
19 19.8923604074 87.5985515476 122.551262142 0.550101099417 0.000439869169693 32.4622969235 0.0862662135783 -0.700912193583
20 33.6293611261 145.107993281 197.349669518 0.885731349928 0.000708145120056 51.4456449993 0.089208828709 -0.725037261512
21 30.0805331721 131.416702885 181.801139471 0.816014829206 0.000652461873202 47.8544794263 0.0874141767407 -0.72308209704
22 25.9076001699 99.9775694507 117.909996713 0.528799882633 0.000422452120768 28.0916765945 0.106037716133 -0.731729464715
23 17.8037538072 76.9238987225 104.8330422 0.470509237282 0.000376177554907 27.3612108982 0.0890047151275 -0.694840976706
24 22.5976390885 93.7118834739 120.937680315 0.542641543783 0.000433726417003 30.5587184141 0.0950318039263 -0.694370077825
25 19.2816836531 86.1426402582 122.959781464 0.551986949062 0.000441419951859 32.9302973707 0.084222833891 -0.732190314706
26 23.0600829793 99.8619307039 136.455341313 0.612443624644 0.00048966223512 35.6668672792 0.0886959398813 -0.747068037468
27 25.2612020951 108.643364201 147.058637817 0.660003255134 0.000527662183114 38.2295248353 0.0896984129991 -0.756083262897
28 35.4438249493 158.961966691 228.130766607 1.02414269484 0.000819020564566 61.2740006698 0.0836804650064 -0.744876631078
29 13.6243181274 66.525029861 103.509398768 0.464849418845 0.000371883255589 28.791912076 0.0739953536255 -0.700173157672
30 21.01426057 90.3644412623 120.460804058 0.540590477089 0.000432159807593 30.9419938273 0.0904303846078 -0.718166694388
31 21.584496803 94.6432682357 131.608486849 0.590739637596 0.000472350376933 34.7438549322 0.0868845032926 -0.708914862065
32 18.866906105 82.5851176763 114.573357841 0.514269794795 0.000411201032248 30.2073887626 0.0871289399146 -0.702140600757
33 44.7494547794 179.288192352 221.412618265 0.993237684378 0.000793693063736 54.4083247144 0.100235247942 -0.72220516999
34 28.0858115883 121.326166991 165.286006479 0.741831540653 0.000593101797733 43.1299704149 0.0890368219306 -0.707650750039
35 23.2412359502 107.912991446 163.058698898 0.732186189975 0.000585678928445 44.9902033631 0.0787983554092 -0.715030605095
36 38.0548879199 140.207391795 156.521273611 0.701739689319 0.000560428393486 35.8466521488 0.113432168687 -0.759509070933
37 12.2410990823 55.5981418793 81.299101678 0.365005709057 0.000291925695299 22.0558176605 0.0818782677117 -0.704807297987
38 16.0256835769 72.5426181478 100.234565237 0.449900233018 0.000359724680276 26.1271789514 0.0846785669423 -0.730568196093
39 22.0658034887 107.12293774 173.778442039 0.780556469219 0.000624563829133 49.6259358909 0.0726450117339 -0.684405397137
40 48.8655833987 179.083432092 198.667278178 0.890661549779 0.000711279042398 45.2836843271 0.114303408402 -0.782127259619
41 34.044925064 134.395336894 162.906506499 0.73071041191 0.000583847572698 39.5405320811 0.102520849422 -0.762787965649
42 29.3016759043 125.007503569 167.423020367 0.751359843172 0.000600668014752 43.2566718145 0.0908623725035 -0.728449335408
43 68.6234843398 265.981043899 315.24249463 1.41383110615 0.00112952559208 75.3571579241 0.105370014032 -0.781407440561
44 26.1026436756 105.424493132 131.462363238 0.58975927979 0.000471299897236 32.50579955 0.0990313011311 -0.772578560677
45 48.9639748725 204.990261905 267.815380534 1.20175022095 0.000960605580615 68.1804389507 0.0936263206254 -0.707903137957
46 11.3063940943 55.3021306194 90.8145439682 0.407929770026 0.000326422472901 26.0794080501 0.0716359322416 -0.713456271034
47 24.6851402003 109.552855503 154.909152749 0.695382373047 0.000556067059729 41.2744489036 0.0851672553761 -0.730616346431
48 38.5541090941 149.974881916 178.539201009 0.800750292365 0.000639744704717 42.8089344792 0.104803742888 -0.775558753692
49 37.0159685478 161.717167224 223.781821997 1.00444658314 0.000803127581723 58.9159928924 0.0874007140487 -0.689818237382
50 22.7006052285 103.115226279 151.372778395 0.679625514413 0.000543564183325 48.6600965662 0.0816954150507 -0.650901543491
51 22.7172796411 110.344222733 173.776000668 0.780449185606 0.000624398678995 48.7506324189 0.0738488549368 -0.667128011813
52 18.5094745916 60.3292210011 58.7425937224 0.263134129886 0.000209957525424 12.019786421 0.134277803457 -0.773899875061
53 20.6854268128 84.2396670648 106.19173434 0.476418961489 0.000380747699648 26.4415817284 0.0977601594884 -0.723012881449
54 32.7801365386 138.951916481 184.513161086 0.828021566296 0.00066192555291 47.432312843 0.0918021080767 -0.72647358242
55 36.0041773607 156.460125918 208.206274349 0.934356442231 0.00074693792336 53.255193548 0.0896505678663 -0.70573187818
56 26.7588953174 114.08622376 152.691638729 0.685246129505 0.000547812079647 39.4355935197 0.0909478051851 -0.706693328278
57 32.9811069156 149.586850139 218.250201693 0.9798603382 0.000783668405962 59.1394998069 0.08208363661 -0.721129534253
58 38.667034711 162.093545864 212.143917223 0.951947841142 0.000760935824412 54.0652551408 0.0934308599602 -0.702274256745
59 39.6465916239 177.04333623 252.505787651 1.13353626598 0.000906477185222 67.5934786131 0.084295235865 -0.747114292405
60 37.3376487785 162.164382093 222.481410033 0.998568321145 0.000798393497958 58.2863148314 0.0882722609664 -0.744557262513
61 30.9362291802 126.433887861 160.05767178 0.718099272203 0.000573908525139 39.95919129 0.0972389539885 -0.759783769221
62 27.5654899192 118.786329582 161.255349805 0.723728785901 0.000578618199747 41.991801026 0.0894021272606 -0.730357439467
63 40.3567762789 163.688974363 199.633795879 0.895478757656 0.000715523751219 48.3113199503 0.0997508555478 -0.74965753027
64 24.0487399007 95.0795590613 115.489621053 0.518029817179 0.000413917720976 28.0713084792 0.102275715747 -0.735579856849
65 19.8258076989 85.3107043255 115.556112485 0.518620814913 0.000414630608258 30.052180821 0.0896237011328 -0.756163449991
66 25.6962136881 106.25704698 136.972392796 0.61458576552 0.000491228926607 49.5763681187 0.0953333236292 -0.745629309382
67 28.4024222075 120.40195855 159.849407445 0.71733975739 0.000573445248129 41.0857555814 0.091806788011 -0.756748156176
68 38.7334663754 162.176506475 207.502552413 0.931012348703 0.000744111803472 51.9098701895 0.0946232013115 -0.739154439115
69 52.1997876013 209.533326921 259.279249778 1.16311651522 0.000929452902893 63.791997095 0.0999658095899 -0.771189369161
70 100.718517968 409.55074272 515.547253698 2.31293628786 0.00184845467076 138.242558702 0.0979626999519 -0.764234930646
71 53.1504128229 227.30191466 305.342473224 1.37033417138 0.00109551834562 79.0268951116 0.0905202139893 -0.755330300263
72 30.2918104678 127.806028276 168.644291021 0.756784418163 0.000604958427553 43.1895085073 0.0924942135707 -0.741358773163
73 68.7171210128 290.73382526 383.489821099 1.72089197112 0.00137564449015 103.092351297 0.0922794845241 -0.744931599449
74 111.329993221 453.079833198 560.708061213 2.51531516479 0.00201000257986 137.380653678 0.0987287306718 -0.768375974779
75 35.6339441769 135.836397619 157.802748512 0.707649356854 0.000565283119516 37.198726912 0.107987766708 -0.78913199609
76 50.2160404604 221.335777905 309.931750633 1.39120990124 0.00111243741301 82.1348425197 0.0861522001626 -0.741917974295
77 44.7750311245 181.756437349 228.108828671 1.02336431402 0.000817839492124 56.6360954848 0.0982631588784 -0.76684602662
78 56.267684673 236.269940803 309.917607175 1.39070108457 0.00111166473283 81.5854964468 0.0931820153823 -0.750579063244
79 73.0885458883 321.958801953 445.87336909 2.00131409833 0.0016002016563 124.697696539 0.0867083839867 -0.747925398151
80 49.2745413015 209.931165969 280.609745744 1.25930614236 0.00100673111628 72.4154103434 0.0910677291574 -0.745133979711
81 117.179830198 483.267205364 618.946045378 2.7770719939 0.00221958831402 155.652657549 0.0958783170297 -0.756903275869
82 43.7062892393 181.837428164 235.566618831 1.05699685909 0.000844861098801 59.6603087703 0.0945679328957 -0.744960574756
83 48.5106309225 210.372660036 288.036439224 1.29278773884 0.00103362272236 75.3739298689 0.0884885657895 -0.740165393182
84 21.7151749585 97.9421526337 134.422190252 0.603330896907 0.00048238641714 34.8899031843 0.085263432288 -0.714257056975
85 94.1263165001 417.90049122 591.158536907 2.65369739759 0.00212205065269 157.542494813 0.0851173925858 -0.745827278029
86 36.0203607766 151.894465725 200.269615951 0.898698162727 0.000718398480337 51.2635088852 0.0925773710272 -0.751684995469
87 30.4680118284 130.287961576 174.998644997 0.785368880808 0.000627865446016 45.2887461334 0.0905329415145 -0.756486212058
88 30.9000131026 138.910909427 197.874554404 0.888283258425 0.000710346523071 52.8380855469 0.0838365529155 -0.760357346279
89 14.7567668884 64.1049237671 87.9736844401 0.394854810212 0.000315701941589 23.0512981295 0.0882420543135 -0.74515167896
90 38.7481583654 169.187003438 233.801082869 1.04941127557 0.00083907447052 61.5027710853 0.0875098016787 -0.752096879097
91 28.8832762804 125.230781431 171.393288208 0.76925929084 0.000615044724228 44.8394562325 0.0885237291708 -0.753012038077
92 25.1222178877 108.991717677 149.284119654 0.670029905536 0.0005357100773 39.0722369512 0.0884371452712 -0.760288790449
93 44.3327831424 193.652549372 267.757305258 1.20182624235 0.000960943032383 70.4567044382 0.0874508003425 -0.754964589139
94 28.3333151287 128.594746815 187.740191021 0.842884408924 0.000674120372801 50.8869993082 0.0820038973663 -0.754920170371
95 60.4094695605 249.460220148 320.009201452 1.43582138351 0.0011475970257 80.5551952619 0.0956881861751 -0.76393310002
96 95.3470639072 385.377443883 480.990578684 2.15780401061 0.00172439476145 118.999275224 0.0989206090038 -0.776290922979
97 94.7902479252 384.387470337 481.764909027 2.1613257719 0.0017272485932 119.511258069 0.0984214399969 -0.771944488367
98 102.693684709 440.201785383 593.166138386 2.66208695024 0.002128247861 153.795296159 0.0901829769503 -0.759967038647
99 49.6051114528 213.574501283 285.746222818 1.28236310572 0.00102516816782 73.5881085638 0.0901568154523 -0.761969726065
100 74.6976638964 321.078592686 434.261615341 1.94897055306 0.00155816490109 112.838300235 0.0897820977297 -0.75969302032
101 63.3950867177 258.807167332 327.133328978 1.46767296512 0.00117296186922 81.5897907488 0.0974103492496 -0.774881688353
102 28.6226054163 124.42020457 170.903946301 0.76707649842 0.000613310620279 44.8047119578 0.0881470034993 -0.742000501296
103 43.8258175886 169.598168684 200.647243972 0.899873763563 0.000718911815749 47.9053257512 0.105611550394 -0.767252806061
104 48.3987655969 187.608691192 222.372026917 0.99731675892 0.000796767939098 53.1593278664 0.105357261409 -0.785920257531
105 46.0937465514 189.465338837 241.569226844 1.08384156007 0.000866244812336 60.5777175832 0.0963874771705 -0.780503764859
106 156.037748557 591.695873645 683.128149795 3.06330528173 0.00244693413156 160.327504693 0.108818434629 -0.783458901191
107 96.8405199849 384.746998488 469.969295593 2.10811637014 0.00168448641903 114.649924771 0.101545465123 -0.788702138314
108 32.6996956988 140.68271504 190.5884333 0.855369750696 0.000683857543722 49.5723569874 0.0896307150316 -0.713485544831
109 22.5392389784 107.521579201 169.510938499 0.761297862921 0.000609079757942 47.7590471399 0.0750473280503 -0.687942738247
110 29.6450547284 140.587788026 219.587572232 0.9861603396 0.000788950063853 61.591104253 0.0758559265721 -0.680167742219
111 24.3210161572 105.848273612 145.665952231 0.653805496316 0.000522750449505 38.2298854244 0.0879635934748 -0.717402030013
112 73.2018233356 308.599568799 406.813948395 1.82555221503 0.0014593028701 104.125628792 0.0926086806279 -0.728849737241
113 60.6077143623 269.730876222 377.816432922 1.69593036717 0.00135609925582 99.9076412896 0.0853807383744 -0.715706889253
114 24.5103876167 103.782607443 137.583821936 0.617416260864 0.000493562157642 35.3326009616 0.0919732555662 -0.748438447104
115 39.693353877 176.602472324 231.750000374 1.03993879982 0.000831281006907 58.2352413143 0.0883868594 -0.730290858275
116 26.1601608511 111.005859915 147.602885556 0.662387421065 0.000529520266436 37.9740710325 0.0916511710294 -0.730529890307
117 22.1836386372 101.9513143 151.660875298 0.68095911983 0.000544663411396 41.5124209205 0.0802367357758 -0.731515537981
118 78.9635184287 316.626109191 391.343919295 1.75554251646 0.00140285486521 96.2151226729 0.100119779814 -0.749406080525
119 36.1988884919 146.617537896 183.496695547 0.82320880982 0.000657871730511 45.4786556607 0.0985977703535 -0.765123782725
120 47.0722230844 187.082027213 228.638537896 1.0255946418 0.000819501825185 55.7966654099 0.101488301578 -0.778891491848
121 29.7617202888 136.204807356 188.683715416 0.846913111461 0.000677172232986 64.1300554297 0.0837184294733 -0.72798154741
122 19.0678730889 85.2552661384 121.872607587 0.547110194832 0.000437523130802 32.6663268391 0.0840945401638 -0.696112911681
123 25.4126547853 116.041265166 168.792888448 0.757805233911 0.000606065363614 45.5709838379 0.0817113449413 -0.707299531185
124 39.5890931369 175.279132459 245.013117565 1.09979642581 0.000879410137116 64.7749884509 0.0858799074703 -0.715525780186
125 25.1254039918 113.625832313 163.101694394 0.73220979463 0.000585558596317 46.2217905865 0.0830356551171 -0.712529836782
126 33.4099151647 156.350871716 239.125456578 1.07380725327 0.000858989764012 66.3800471083 0.0777045410659 -0.707870269664
127 21.1113489962 104.111327369 173.428637458 0.779068672458 0.000623441919406 50.1286046472 0.0705048861929 -0.686529746191
128 20.1964271129 98.0032715104 158.867254 0.713578092091 0.000570969178519 45.3523091212 0.0727062675986 -0.682940709338
129 28.571321711 136.970625064 217.707382895 0.977788461085 0.00078231154122 61.5786038083 0.0743603514426 -0.664425080669
130 38.6981921231 179.895603458 266.506658168 1.19659570252 0.000957075459105 72.5599204721 0.0795771144519 -0.69809462428
131 25.2139221271 112.1276067 159.059555289 0.714024149947 0.000570982914455 42.4562286731 0.0848623074719 -0.694568850263
132 20.9028158363 109.05843008 181.082755547 0.813441123331 0.000650938590964 51.7115990697 0.0670266902489 -0.688429539864
133 36.4267549092 144.860195077 160.843533312 0.72109343344 0.000575863698741 35.5836617326 0.106246248225 -0.757065316115
134 24.9627747984 101.126786751 112.019607858 0.502198782998 0.000401048702193 24.5484761943 0.104616695471 -0.785508387714
135 10.2206463025 43.7996568075 59.015350432 0.264856556426 0.000211743724033 15.3013856403 0.0902081305073 -0.729375608478
136 14.8016180315 77.5968630717 102.167019991 0.458463797324 0.000366480195315 24.6998281992 0.0758962634423 -0.665271307094
137 13.3252924736 58.6833102045 82.0760006469 0.368417577683 0.000294591877149 21.7366998901 0.0862739166907 -0.740471086676
138 22.3287390453 99.7043668997 142.240105468 0.638537915643 0.000510632799875 38.0833373641 0.0842872996841 -0.712768522436
139 18.6913948064 82.460813867 110.889427874 0.497659369084 0.000397858580467 43.473416189 0.0879430777113 -0.690187458259
140 42.4087013162 183.552554947 250.715006742 1.12526569647 0.000899673073644 65.52021289 0.0887578187088 -0.708994547515
141 42.2470021482 189.662005708 272.650984719 1.2240159782 0.000978869782899 73.3006186026 0.0835275921563 -0.719082394666
142 53.9958445683 242.745853171 344.399386948 1.54602223275 0.00123630637776 91.696525202 0.0840155965757 -0.70713591639
143 22.2837842897 98.1900962431 137.471224609 0.617075152903 0.000493424427183 36.4289838249 0.0861832992718 -0.714834671527
144 16.8935960757 75.614286305 108.26517517 0.486027381797 0.000388678294535 29.0445536205 0.0839393831885 -0.685765386012
145 35.6462179219 155.345124236 214.237675223 0.961591947407 0.000768849341853 56.29596901 0.0877571997756 -0.682015578591
146 35.0710781659 156.134680333 221.797394157 0.995663138694 0.00079620623135 59.246616202 0.0847128285853 -0.712815643031
147 26.5345090889 123.254083664 178.277061749 0.800364077522 0.000640085027994 47.7550383274 0.0806847042404 -0.725672005583
148 32.9277165574 147.951563177 212.911461723 0.955831079844 0.000764400794797 57.2708262755 0.0834146642075 -0.73826939788
149 72.3726029531 311.100847052 420.812932917 1.88861375077 0.0015099116254 109.351359876 0.0897726519713 -0.755840383
150 38.7278339572 168.496622512 231.724751262 1.04006749499 0.000831583597685 60.7908175414 0.088019783531 -0.744442560316
151 34.8590187887 147.31624652 194.823117353 0.874270653788 0.000698882656306 49.960886459 0.092250534699 -0.733037037849
152 34.2934785246 150.174529881 208.35689425 0.935223456892 0.000747788378575 54.932257985 0.0870921434748 -0.757088047113
153 26.1183146689 111.874313907 150.652445763 0.676115200112 0.000540529323979 39.0482068641 0.0902742931295 -0.721110056119
154 22.4522563628 94.7713613235 125.185576473 0.561768174945 0.00044906876621 32.0818728912 0.0924069882672 -0.678885715771
155 30.1652679395 133.506595952 184.01913425 0.825955602029 0.000660397979396 48.147647978 0.086553065657 -0.72646685574
156 42.2018978556 191.082012869 270.598157571 1.21471493971 0.000971361211293 71.8274893558 0.0835519411273 -0.710657887211
157 79.8266046762 343.789944467 443.416390795 1.98958112278 0.00159024015752 115.784194349 0.0918577558874 -0.734618249779
158 62.8121842568 251.318605718 309.815170624 1.38979050789 0.00111056621697 76.0422314986 0.100445356905 -0.737353992685
159 32.3322746045 129.979933262 161.150728292 0.722923338157 0.000577698249654 39.6990522939 0.0997335819608 -0.76550096858
160 23.2733627723 104.980400676 151.944638126 0.682148581639 0.000545545246156 40.9977715528 0.0828584163493 -0.726106901512
161 94.3423411984 394.477544459 514.380632827 2.30812342331 0.0018449539252 130.792136252 0.0938253180162 -0.746245162638
162 21.5488783991 95.4599210507 134.613691681 0.604268921515 0.000483201216465 35.8125296457 0.0854343810016 -0.745854290859
163 26.5755984557 110.087371618 141.824310855 0.636353156559 0.000508624225457 35.7965799456 0.0952106765029 -0.737560314768
164 68.9211161125 278.602826398 347.821585239 1.56038799163 0.00124697561416 86.0697923079 0.098895691994 -0.762617208329
165 48.8011761549 199.032224053 248.023850442 1.11266690297 0.00088917240888 61.1077070527 0.0981972693255 -0.758808802295
166 45.7493220697 185.82154132 229.332321792 1.02876093367 0.000822076192588 56.0837284897 0.0990389191242 -0.771779882018
167 40.3214705358 168.417039263 219.317208837 0.984111249784 0.00078662487735 55.7217570538 0.0939805439953 -0.737275678131
168 38.0336835222 151.48395686 185.66285455 0.832833275149 0.000665486393966 45.3959591337 0.101149649109 -0.754262202164
169 44.2476501562 180.035622252 226.631897048 1.01675456876 0.000812570522604 56.3780994306 0.0979076012275 -0.759935647899
170 65.9222873749 261.118551228 317.806320237 1.42553891259 0.00113905112603 77.345863122 0.102003645546 -0.775338329526
171 25.9096593928 107.323385123 132.361431841 0.593757175185 0.000474465327504 32.1535513524 0.0973356818465 -0.762749831189
172 36.4741969229 159.996530273 222.605526036 0.999192720553 0.000798948066083 58.7838077879 0.0868275637237 -0.712921478499
173 64.0864587686 241.067844155 275.696631151 1.23622007343 0.00098742322255 64.2678575395 0.110097516496 -0.776671261606
174 48.2376487017 189.170866899 227.441466818 1.02013357572 0.000815063032707 54.902716149 0.103542946095 -0.771142241394
175 32.7899220061 136.062730737 175.693938535 0.78833257433 0.000630106022467 44.4090670302 0.0949509010301 -0.725660891487
176 49.1003418515 205.912573914 269.521402869 1.20941696622 0.000966743291913 68.6884257852 0.0933919859441 -0.75431053239
177 45.4119836629 185.072280965 231.783974125 1.03984046448 0.000830997034677 57.3740374731 0.0980166421618 -0.773589038793
178 50.9901112793 218.030522258 290.969498436 1.305787611 0.00104388122762 74.9210174859 0.0908433763198 -0.758189275928
179 50.385207772 198.16243295 239.122703201 1.07254850512 0.000856959077459 57.8656741076 0.103091257607 -0.754796962046
180 87.2750191594 348.782009618 413.802932785 1.85587444399 0.00148268600918 98.0061796783 0.102469466387 -0.764447782661
181 34.8887262539 147.940796978 196.509566461 0.881858003219 0.000704963839825 50.5243481648 0.0917589148585 -0.74383969602
182 30.9989779594 122.332907548 148.226470052 0.664862273003 0.000531232828127 35.9678383374 0.102569629473 -0.764167556478
183 21.9502342053 95.8884590854 132.609460551 0.595216957596 0.000475917528721 34.8989644966 0.0874358582869 -0.743812935219
184 42.8075906355 181.626551124 241.429327252 1.08344423064 0.000866116594172 62.099797466 0.0916753275801 -0.750106939965
185 30.3425060078 126.707847658 163.216480461 0.732337373498 0.00058534192702 41.0964206921 0.094525012437 -0.735685322366
186 30.7104519639 124.857431041 157.039294296 0.704533240488 0.000563046703111 39.0457168293 0.0980186687623 -0.74228799449
187 36.1336111876 148.836375988 190.332811016 0.853973862354 0.000682537226113 47.820160035 0.0960598035387 -0.749093005268
188 36.1201848928 144.765376042 178.804856097 0.802103613082 0.000640958953767 43.9403739944 0.100196588285 -0.761267935951
189 19.7215739484 87.2308214524 122.761539641 0.551060423871 0.000440648950546 32.6237175161 0.085647130899 -0.731228893091
190 48.4983098227 204.751924041 265.949320169 1.19334105191 0.000953854233294 67.2225065546 0.0931953940687 -0.740321754086
191 56.278486338 231.389950128 295.970886112 1.32794728147 0.0010613630724 96.8599310781 0.0962077489227 -0.739125093447
192 81.619441557 338.042565852 435.247891331 1.95291308903 0.00156091924963 109.812516895 0.0952536295741 -0.775710160127
193 86.6510089086 368.812825829 492.263254898 2.20913794241 0.00176604497881 126.92360821 0.091217542082 -0.761918693253
194 99.4025224855 425.258515321 572.230267187 2.56811127524 0.00205310413326 160.749011539 0.090410191948 -0.758837972157
195 85.2862852254 361.096652276 475.118093807 2.132042378 0.00170428694323 123.772723885 0.0923376720532 -0.763273115197
196 68.2946118361 281.154789707 359.262738572 1.61191203089 0.00128831272168 90.2182331418 0.0961455377503 -0.757469269548
197 37.89383018 168.587949846 239.20493024 1.07380077519 0.000858686006502 63.8537538631 0.0848189497743 -0.736307849555
198 55.2344673209 246.828643155 352.442744201 1.58217671981 0.00126525728746 94.4060918541 0.0841874232709 -0.734892153386
199 52.8020744082 221.507707195 290.045234444 1.30151559729 0.00104036409538 73.9356945743 0.0933463583289 -0.758374245179
200 20.4715071041 94.2908286012 140.798501215 0.632197624149 0.000505670443335 38.6160855493 0.0799064140607 -0.682455239957
201 80.4950990672 332.760899033 427.483187694 1.91805133767 0.00153303670462 107.706345498 0.0955251424621 -0.757814080905
202 72.9324963572 306.501610623 397.894595371 1.78538779407 0.00142708162815 100.65878621 0.0936093489921 -0.74964602458
203 51.8835752867 219.29340365 290.039719658 1.30155672414 0.00104045111165 74.3818638869 0.0922343032086 -0.743018896028
204 68.8917521252 295.037397963 397.134214064 1.78230038461 0.00142488074485 102.906609443 0.0903087303876 -0.743057096123
205 62.4222640892 260.596578685 337.350372781 1.51369885637 0.00120989968059 85.3030702952 0.0943099581882 -0.75054158696
206 65.1838885025 276.525240365 367.55504877 1.64944870834 0.00131858610929 94.5403841162 0.0916901367276 -0.734208694563
207 69.4354845717 298.573029162 396.13518165 1.77768942457 0.00142108984648 111.345771272 0.0906559826095 -0.747358055713
208 57.8987799023 232.789881237 287.067731937 1.28775062543 0.00102902896471 70.3740257043 0.0999900916698 -0.767668897665
209 31.2477768687 127.20236107 160.213949042 0.718781189237 0.000574437719071 39.8694542539 0.0978378109196 -0.76547701206
210 115.559619485 467.11639106 576.26679752 2.58506815481 0.00206570792114 151.056233216 0.0994891438553 -0.763842588806
211 43.3500964232 175.626159353 219.903503975 0.98654063119 0.000788401221182 54.5193055921 0.0985527163287 -0.747327610264
212 96.3616651169 404.235269694 529.259699759 2.37493787773 0.0018984012508 134.90466864 0.0933525872182 -0.76596419139
213 56.0127697121 228.396568363 288.326450557 1.29355851064 0.00103380275941 71.8559233652 0.0975780578372 -0.747056878762
214 47.785986394 185.403437021 220.038701833 0.986859078077 0.000788418975827 52.6493611583 0.105205475594 -0.764727058311
215 53.4250985901 223.711658587 292.21513064 1.31123624217 0.00104812088012 74.3781322964 0.0936191567555 -0.763582002877
216 77.0476625195 319.37389131 411.694369075 1.84724201746 0.00147646795216 103.946834841 0.0951247234537 -0.76576062207
217 104.303132764 421.239606598 525.251094872 2.35635215849 0.00188305340619 129.871477108 0.0990390047083 -0.770115444221
218 54.1914160465 219.449110179 274.580486622 1.2318302561 0.000984422431176 68.0426955464 0.0986277887816 -0.764132692361
219 54.5046335549 211.09771704 249.976840951 1.12111569955 0.000895667464274 59.720461182 0.10548578801 -0.776130598372
220 58.5823051345 252.045968413 341.290511814 1.53172402188 0.00122459140442 88.7390107361 0.0896505466106 -0.770196330427
221 70.6170171589 299.734094512 398.619239464 1.78885792484 0.00143003521732 102.560908124 0.091619905814 -0.753119146201
222 69.4180278403 285.427351896 361.023755456 1.6197270453 0.00129448806701 94.8866674587 0.0967511919007 -0.750998935836
223 86.0529267727 369.004631544 497.71754236 2.2337314743 0.0017858013711 131.625117673 0.0901067748935 -0.741103302667
224 65.8141623103 276.662569716 357.180518229 1.6026546519 0.00128098334432 89.9340721293 0.0938511408224 -0.723856053011
225 46.3588107264 200.591802096 273.76784669 1.22872722839 0.000982388721268 71.5079347188 0.0888188013068 -0.754479456388
226 18.8867335094 82.4665026371 113.986873399 0.511628254221 0.000409081449579 29.9895094642 0.087498474221 -0.730891320565
227 50.5174382912 223.792217157 315.661420035 1.4169777832 0.00113308196793 83.9920376264 0.0854216469583 -0.723300139271
228 38.9734939577 168.737895656 230.567133409 1.03483939009 0.000827376950091 60.2676090486 0.0887143981768 -0.715510768453
229 64.637036154 281.759448312 388.576513718 1.74410053709 0.00139451098808 102.103481976 0.087736410512 -0.726047534524
230 18.4779298476 79.7043958095 108.351019159 0.486292604031 0.00038879165872 28.2379719547 0.0892567264422 -0.724747220852
231 18.9940195349 84.6076728395 120.280854111 0.539950606937 0.000431786202036 32.1426414344 0.084634932936 -0.716593881712
232 22.6756898973 101.793212571 142.134066439 0.637997201846 0.000510147070106 37.4180276829 0.0848509378673 -0.717053165239
233 42.7508722334 183.47739565 247.773606489 1.11200207561 0.000889017623851 64.3283674434 0.0899800960543 -0.69874196412
234 48.2899293177 216.525611579 308.831122761 1.3863894752 0.00110868160407 85.0847346873 0.0839774965114 -0.701936885685
235 48.0256973529 214.314437983 305.43874478 1.3711555421 0.00109649500255 81.7327359891 0.0843812735137 -0.724189426529
236 51.4422465842 224.943098807 311.506683645 1.39820538839 0.00111797030946 82.0418285014 0.087295098384 -0.744257003882
237 60.9685710322 263.615707614 359.469696765 1.61336817737 0.00128991020944 93.8477895724 0.0889184192677 -0.742426535491
238 112.391479539 452.882330734 555.606195404 2.49231221809 0.00199152597111 147.934940566 0.100048112723 -0.757267237065
239 61.872922844 252.85116453 320.056480656 1.43593356473 0.00114760454446 79.8974093398 0.0972511889948 -0.762635060935
240 74.6892844485 313.792344352 411.708665266 1.84747284338 0.00147678944303 105.076767452 0.0931242268196 -0.752884205337
241 78.2091250118 335.87121851 453.827525847 2.03677283951 0.0016283531767 117.859607577 0.0899010981003 -0.735014919358
242 65.4554227237 269.42507106 344.219741616 1.54441701229 0.00123436661594 86.4325989312 0.0961666323049 -0.753049449447
243 48.0042947834 206.606776709 271.576977639 1.21866656373 0.000974157638544 68.9555770022 0.0910193304098 -0.752910557068
244 21.8482003153 97.7485487067 139.751137776 0.627370845171 0.000501707765742 37.4580387186 0.0840393749396 -0.7703478467
245 39.8059076121 166.549283529 217.313432772 0.975129790162 0.000779453824461 55.2766709374 0.0937393619933 -0.76711212332
246 89.6811265425 368.240866878 469.041541823 2.10442400603 0.0016819217246 117.553757701 0.0965278839909 -0.741157712356
247 64.3815165645 268.068210057 347.599615088 1.55970082716 0.00124668014935 88.0828182381 0.0944550244957 -0.756641360438
248 32.5065617834 130.382144655 161.205527923 0.723158503584 0.000577877408556 39.6424771459 0.100076241807 -0.751953886377
249 37.2429561649 152.192836364 192.647484411 0.864313116314 0.000690762983825 48.092598376 0.097253227212 -0.755819589523
250 33.5419924765 150.922017313 217.595413946 0.976867393995 0.000781231001816 58.5889779881 0.0832230947889 -0.749795518882
251 41.4291342467 183.822246364 259.816080168 1.16630396959 0.000932640667512 69.2090476062 0.0852039857894 -0.741928085037
252 68.4779374449 294.402100612 398.270575333 1.78744436281 0.0014290293964 103.499211477 0.0897553982082 -0.763847447433
253 39.0045453307 166.277083245 222.442987812 0.998272440941 0.00079805549665 57.4328076665 0.0909782839716 -0.742921363292
254 82.8762775161 349.08842123 459.58976951 2.06236687364 0.00164859571914 117.539078886 0.0927423492524 -0.750048058722
255 20.9763033089 92.3309278927 129.041638373 0.57923195084 0.000463160354252 34.1608444071 0.0863476196637 -0.743205776938
256 48.2106516963 206.639480043 278.496266905 1.24987236859 0.000999231352779 72.2189343711 0.0901812530286 -0.727586122764
257 38.3443238743 161.195165202 211.674810252 0.94985891814 0.000759279270752 54.0518955506 0.0930315081266 -0.748187442813
258 31.1325274753 128.114850401 163.616693222 0.734100519244 0.000586724487124 41.0732143482 0.0962071907653 -0.761420263194
259 33.2957246961 141.393769748 188.194644594 0.844552450062 0.000675148539991 48.4451376248 0.0915398308474 -0.735824649232
260 44.835119212 197.354617375 273.795313449 1.2289475107 0.000982644485579 72.0868318808 0.0866856547646 -0.755070532322
261 66.9118941865 279.861715326 365.078366618 1.63817931192 0.00130944987335 92.8528044433 0.0937809314882 -0.74158846197
262 89.2620232695 382.83353573 512.587795941 2.3003844993 0.00183901920012 132.220437267 0.0904390349946 -0.744122049426
263 34.2200021459 145.877948541 195.171590283 0.875885153819 0.00070021495991 50.3951223266 0.0909752879261 -0.729741164207
264 33.9734522387 148.882999866 206.861079054 0.928515759503 0.000742430256222 54.5843858459 0.0869671866377 -0.71525259859
265 38.6801852126 173.925839598 248.433116437 1.11526115146 0.000891869027093 66.4639114689 0.0836952117446 -0.735090548894
266 28.3868560282 117.609628922 151.53907476 0.679942997152 0.000543465158724 38.2520145913 0.0951888954083 -0.744132249143
267 40.2622708269 169.297258375 222.42070265 0.998081916957 0.000797828800678 56.8136383318 0.0929889450747 -0.727786551848
268 38.0752656907 168.766255404 238.164405945 1.06910263662 0.000854906706445 63.3865802336 0.0853560279912 -0.751004272631
269 18.612598979 82.426664613 116.178953502 0.521515837676 0.000417027075876 30.899861258 0.0854807851583 -0.749556296115
270 35.3853830995 158.24905551 226.153282867 1.01524538908 0.00081188897301 60.6040786161 0.0840899841829 -0.756987660389
271 22.2992311183 95.0536655012 127.176940019 0.570740903675 0.000456271438534 32.8393416481 0.0909797513759 -0.714778479437
272 67.4968994267 287.957436279 385.600371236 1.73049322518 0.00138342643921 99.6150444135 0.0908698419137 -0.746734054468
273 28.141893697 120.270518529 161.411429416 0.724388469343 0.000579112068096 41.7522802411 0.0906198731443 -0.759660336443
274 36.9860864561 142.787416181 168.448288633 0.755454041362 0.000603524542839 40.1390875823 0.105984051938 -0.761364941121
275 61.9008367291 250.825985942 308.938038562 1.38585067427 0.00110741487359 107.900325873 0.0993510247612 -0.7496829161
276 36.912588909 145.775580059 173.155093989 0.776593414396 0.000620437977226 56.1835983558 0.103506644485 -0.764312573032
277 54.1295006488 205.374491531 237.278537469 1.06401641548 0.000849928030508 55.7170198452 0.108727094054 -0.777449229357
278 35.4595740054 149.480648553 197.099138935 0.884471244467 0.000707026265092 52.9523082689 0.0926019889643 -0.771444135518
279 80.490792222 317.851259066 385.470055131 1.72901479033 0.00138151039666 96.0858725164 0.102465228735 -0.782635896354
280 113.545340943 423.543577453 479.586359445 2.15033397954 0.00171746341231 110.988579314 0.111447089884 -0.790796518774
281 123.633851562 474.449087492 555.610232951 2.49168776275 0.00199049881125 131.714684308 0.106932414543 -0.783855603936
282 37.8558509653 152.175062522 187.057153525 0.839100921786 0.000670505398924 45.7264329009 0.100166876094 -0.771903946969
283 118.635315938 456.983013381 537.584876173 2.41091308272 0.00192602227456 127.844530468 0.106340632615 -0.782178402075
284 32.2984055458 126.130303896 150.87656864 0.676701183323 0.000540652832231 36.2953765074 0.104194280227 -0.765658285497
285 71.7578969635 285.023838272 348.110552784 1.56149992879 0.00124771265065 84.9173721934 0.101574613162 -0.76938923331
286 52.512865699 223.502922602 298.250595229 1.33846269048 0.00107000231208 76.888379817 0.0912305871413 -0.777831245327
287 74.6138532218 292.212725342 350.755349628 1.5732138861 0.00125694966454 84.5766298116 0.103751914497 -0.768692329863
288 32.733602822 136.082777599 176.099486762 0.790161014905 0.000631574673125 44.5688667646 0.0946860637384 -0.757223622041
289 30.0599721084 123.255311861 156.665449388 0.702894922921 0.00056176935148 39.210945714 0.0967541093853 -0.774485668999
290 151.084773625 655.84286303 889.41091279 3.99173714912 0.00319136020493 230.985532411 0.0888559659525 -0.756316272918
291 20.732892647 93.1482167977 134.039965445 0.601750310424 0.000481233899072 36.0547728216 0.0834243393284 -0.728870897183
292 65.2048617047 275.357754233 359.55599285 1.61340741605 0.00128965556694 96.2611659775 0.0929197191587 -0.736863072015
293 108.933059617 455.870786392 595.030940224 2.67003027005 0.00213424837675 151.388992267 0.0937052974575 -0.757394462794
294 45.2681187967 183.584257006 230.136381254 1.03245419563 0.000825098632477 57.0977080282 0.0984042398399 -0.762377548071
295 92.3423834425 378.750213946 481.639716854 2.16092913395 0.00172706723517 120.583471108 0.0967042306231 -0.767215682473
296 56.1973166187 235.688279415 308.873342354 1.38600901545 0.0011079093087 86.2739054952 0.0933283812503 -0.760715874441
297 69.0033708985 279.695649183 350.33199729 1.5716774863 0.00125602002851 86.8708924165 0.0984912671589 -0.779833377753
298 48.1222235487 205.893416311 276.718699238 1.24187768407 0.000992825825653 71.6377657882 0.0904591826109 -0.76810694527
299 48.3181665833 204.716511911 271.574141627 1.21871056133 0.00097423980857 69.7688547475 0.0918895916273 -0.763469384515
300 61.5835423693 247.289383505 306.1467658 1.37336590516 0.00109746728823 75.3471126964 0.0999093548585 -0.767442631629
301 67.0630964774 291.20970561 399.341560859 1.79236972516 0.0014330647434 104.590733566 0.0883096857569 -0.762622404624
302 69.9924710778 296.72811711 393.966662847 1.76796417686 0.00141332043066 101.263124794 0.0917986262543 -0.760385055432
303 36.5998493919 158.732999174 217.35103059 0.97553233928 0.000779967802985 56.8793481853 0.0884780555327 -0.743093838754
304 36.2075996837 147.215604701 185.107401894 0.830455339024 0.00066367970152 46.0133744666 0.0980274814736 -0.78371714405
305 31.1882921931 130.071210281 168.99569977 0.758301773949 0.000606122407843 42.8749969883 0.0942204312072 -0.770593732713
306 124.426897065 485.350764275 579.71588346 2.60008032065 0.00207732589406 139.315788386 0.104376600645 -0.776945913369
307 55.3503852393 226.249652959 286.632945906 1.28598484776 0.0010277698972 74.0933157742 0.0971877819179 -0.742987819959
308 104.115319991 438.412162102 576.92538219 2.5888937045 0.00206948096438 147.506273198 0.0927907782583 -0.754259589402
309 129.890563628 535.903345964 686.806168554 3.0815556563 0.00246295712396 175.285600218 0.0958118221927 -0.762279008326
310 85.6820980937 347.631616755 436.044704176 1.9562210038 0.00156334352362 108.227088062 0.0983363993027 -0.755084209801
311 57.702284143 250.720988794 344.19664301 1.54487032244 0.00123518673568 90.2068984449 0.0882074003395 -0.740259506252
312 105.414634573 411.534328931 492.032196539 2.20682281506 0.0017631439944 118.322399024 0.104248124538 -0.780973637333
313 69.6817014387 273.338977706 328.721943928 1.47440470293 0.00117801683185 79.3638794748 0.103505372908 -0.779153510598
314 73.5116570815 275.580349261 313.892772763 1.40745789195 0.001124171113 72.9570403951 0.110644779701 -0.782013269842
315 62.3006332226 247.994719459 303.662340969 1.36214003399 0.00108843019241 74.1985113003 0.101249008417 -0.782523197276
316 49.5700331353 193.517913875 231.362340226 1.03768735074 0.000829061500628 55.6356176222 0.104250684254 -0.784283190339
317 103.520479688 404.148836785 483.394168835 2.16808529298 0.00173219898303 121.27044781 0.104225743736 -0.777787363814
318 39.2546459618 172.531868229 240.630411725 1.0801121887 0.000863661035423 63.6277104106 0.0865597080142 -0.745143143813
319 67.5973317744 292.237562403 398.411624811 1.78814502951 0.0014296451564 104.000957783 0.0889396337068 -0.74596980438
320 68.4375020151 290.504675681 381.891775429 1.71369111037 0.0013698634995 97.341126595 0.0921656358242 -0.742209979007
321 30.9727417554 129.139855381 167.748099972 0.752702800314 0.000601646355169 42.5533410695 0.0942526539005 -0.759896524005
322 149.500284272 574.366844031 669.985902976 3.00454923391 0.00240014557898 158.148363112 0.107025962761 -0.778968120385
323 61.0676145742 245.362193335 293.034049988 1.31428374771 0.00105004091583 69.7286103792 0.101647353003 -0.773574518389
324 71.0180668446 287.575933352 359.773507999 1.61402427659 0.00128985345854 89.1450606022 0.0986385572578 -0.773099292802
325 78.1632095992 320.680320069 407.95740047 1.83034919407 0.00146286282264 102.162694412 0.0966609506648 -0.761597918463
326 52.0479741777 203.268336476 243.152489713 1.09057087389 0.000871315576954 58.4935086227 0.104187582886 -0.773628797185
327 53.2740973879 199.06410702 225.919913747 1.01297676302 0.000809071984222 54.8659782815 0.111156312199 -0.787419955934
328 110.911120633 406.086322793 447.416121879 2.00576502573 0.00160172831235 101.25681353 0.114764816193 -0.782929070633
329 127.638961915 494.540007457 585.847616803 2.62746090289 0.00209910222431 139.996070106 0.105429574135 -0.786389660607
330 22.5086858134 99.8709158747 141.15637373 0.633645259092 0.000506697490588 37.6004953541 0.0852052653989 -0.742326105605
331 57.3264404065 249.597695168 343.849936069 1.54334028824 0.00123398498558 92.7976472961 0.0878810390679 -0.718746809457
332 17.010395799 78.6957639639 118.254951836 0.530989957932 0.000424730544957 32.5368022173 0.079305307711 -0.71747484128
333 29.8697719877 132.901232347 188.638249739 0.846806301699 0.000677166572685 50.3666384782 0.0847954596869 -0.712003784191
334 26.1289334989 109.688229028 143.82215693 0.645375430686 0.00051588331333 36.6940898629 0.093222662113 -0.703857319063
335 19.1403181114 84.9656131979 120.197862026 0.539565636097 0.000431468148443 32.0343704582 0.0851271812932 -0.718499889133
336 18.2843599335 78.7506916079 106.86785178 0.479631875606 0.000383463034731 27.8244080463 0.0894612918407 -0.686614383734
337 23.0611665363 100.747450125 139.38890053 0.625647731616 0.000500250118963 36.6934615271 0.0874112886013 -0.705715328376
338 17.1291744368 74.1206922251 101.234699091 0.454364091557 0.00036327331536 26.455700252 0.0887801243592 -0.675236577344
339 33.3688498946 137.706069775 176.562803426 0.792202219881 0.000633175221655 44.4344271514 0.0957690107298 -0.721518098492
340 41.3840869655 179.220536167 244.93772156 1.09933898212 0.000878946635907 64.0296987974 0.0886847670581 -0.733472713402
341 21.4470481212 88.3009242877 112.883925912 0.506480008585 0.000404802643748 28.357052291 0.0961152867295 -0.713187894387
342 47.1751921213 201.74109029 271.084489218 1.21659089874 0.000972609203968 70.1754799522 0.0905094639637 -0.717584856547
343 42.9341041297 185.16298706 251.647141591 1.12942166351 0.00090297311684 65.5732199877 0.0892833764386 -0.726857299401
344 27.9018051999 119.431406808 160.657678483 0.721014029459 0.000576421174065 41.6149000391 0.0903812023239 -0.737138335871
345 39.3428344113 174.695743758 247.165906507 1.10952310552 0.000887239893312 65.8753894618 0.0850996470911 -0.746346632013
346 30.4303336866 140.529911894 210.590404763 0.945584290151 0.000756348563121 57.8603525666 0.0795570537914 -0.723775683864
347 23.8912734941 101.665784365 135.72702682 0.609105123254 0.000486935788981 35.0026138763 0.0912250871865 -0.700747611192
348 20.0201686412 87.9756694226 122.694684203 0.55073669647 0.000440370672845 32.4431539152 0.086576809887 -0.721818774789
349 31.4752655934 137.315416905 185.259759153 0.831438129928 0.000664711614906 62.8303575647 0.0886920646898 -0.701491633022
350 29.518400181 126.019133271 168.955740804 0.758242334182 0.000606173416386 43.6803326701 0.0907554420558 -0.713007319084
351 22.2688454117 92.9280405182 120.882508495 0.542416075494 0.00043356435309 30.692830744 0.0941113778197 -0.721965371111
352 16.0431848966 75.3259415265 115.784459644 0.519948389998 0.000415940869128 32.2211641744 0.0772517923687 -0.714371662426
353 11.5805880754 55.8810102648 89.749159849 0.403107550137 0.000322533672366 25.5102556189 0.0734742741268 -0.686906921964
354 18.9773607261 91.6300636942 134.57346189 0.604201202109 0.000483239431587 36.1192740383 0.0772110448471 -0.702443985063
355 18.0685264295 82.6554813438 116.65296355 0.52364658619 0.000418733148988 30.8116123778 0.082920791511 -0.711049020992
356 20.7531093806 92.2793394279 130.860519998 0.587436744122 0.00046975415522 34.9224624251 0.0848864327515 -0.713341627619
357 19.9831096514 90.6678210564 132.377451492 0.594326240046 0.000475329169659 35.8840201694 0.0820246634262 -0.706298785797
358 24.0513126763 101.986009179 135.496724179 0.608056901585 0.000486085739399 34.8428004453 0.0917489705359 -0.718351997425
359 37.5626815542 167.589327088 239.363675124 1.07454693265 0.000859310618317 71.6352482398 0.0842985472474 -0.682888700208
360 24.9120456472 104.473874072 136.817552881 0.613939751941 0.000490751954101 34.8816616246 0.093367219206 -0.688212634507
361 16.4043296638 75.6537434937 113.167453897 0.508135761455 0.000406441411998 31.0653543482 0.0797356010262 -0.699179323401
362 15.0762960038 69.9767487237 105.694238824 0.474600419159 0.000379634265497 29.1570558708 0.0788417400758 -0.700734521825
363 21.0732159006 90.9706938559 121.914574455 0.547128981767 0.000437398697302 31.4149674227 0.0898621414988 -0.71664746021
364 38.8023316126 173.252039356 247.128289524 1.10939649825 0.000887173380845 66.1604622134 0.0842992101107 -0.718139233233
365 43.9346336781 189.464840409 257.478165496 1.15559163928 0.000923895746366 67.0906116341 0.089291837205 -0.722902913258
366 48.8921962141 207.921834559 277.266459999 1.2442876549 0.000994712791857 71.4535892662 0.0913316688029 -0.737056542556
367 35.3034135984 156.955819493 222.489541301 0.9987602756 0.000798674747101 59.3611654429 0.084915346057 -0.734019008351
368 81.0398569029 355.668720366 485.206888748 2.17770469859 0.00174110807629 126.228740331 0.087696464796 -0.740765395273
369 37.0869796361 159.785643356 216.843608661 0.973212462638 0.000778078125467 56.4564907889 0.0894329734614 -0.736506433414
370 37.2367641451 168.377951459 244.598749244 1.09813346105 0.000878242427848 66.1271080729 0.0825077215451 -0.715276822182
371 36.2361776737 149.441909355 191.46171503 0.859047226545 0.000686598899762 48.1611771282 0.0958630216011 -0.713013847282
372 36.2777008274 158.974074467 220.874683213 0.991417010596 0.000792725229707 58.2812807949 0.0869721342854 -0.712019760795
373 50.7525367764 215.447739059 286.667886666 1.28646422341 0.00102841808128 73.7816505519 0.0915853448492 -0.716367852736
374 27.5848692717 121.133444991 168.790055034 0.757640724931 0.000605809141868 44.6104394693 0.086672204685 -0.71143658837
375 25.1752895688 111.566228207 152.448042067 0.684222368843 0.000547050516653 39.6100857861 0.0868489791177 -0.688887657027
376 29.9584874123 125.08386033 156.813347096 0.703507104826 0.000562216098178 38.568680455 0.0958488290804 -0.726381545734
377 9.592525552 44.223814806 66.1328000576 0.296943995909 0.000237515603612 18.1515156819 0.079773962299 -0.675585886651
378 22.7064791586 94.1713033784 121.535072916 0.545322118976 0.000435869050857 30.7100762044 0.0950226435934 -0.70542980486
379 21.4356907873 94.333469196 131.868992234 0.59192376765 0.000473309379814 34.9155020434 0.0863539594473 -0.686306024865
380 16.4460185533 73.9944786121 104.582973343 0.469468647579 0.000375412711587 27.7639415912 0.0841257338626 -0.725301437027
381 16.5714179791 74.9780153739 109.026278558 0.489478971594 0.000391467164181 29.4909041011 0.0824179742025 -0.703509365531
382 25.8660660128 113.346583006 157.476977002 0.706850294521 0.000565189003627 41.5522119101 0.0869748598774 -0.711803642271
383 24.1878599625 100.939997747 131.305296189 0.589184541228 0.000470947364419 33.3391423071 0.0941078343207 -0.727790890446
384 28.7547309004 132.601857725 198.304585011 0.890410948232 0.000712210198655 54.4285605136 0.0797519005039 -0.713188535595
385 21.0651435002 97.4135364753 146.328805549 0.657046497796 0.000525560332575 40.2546156774 0.0793518502662 -0.690207170425
386 20.9880258501 94.8005394705 137.455159238 0.617103756596 0.000493530078392 37.1225867311 0.0826751617678 -0.743918986114
387 24.95009542 106.466251592 142.623561361 0.640065738896 0.000511695523586 36.8539689012 0.0908331560093 -0.736016140348
388 27.9674426346 117.825651519 155.18797884 0.696393283897 0.000556677630668 39.6999850887 0.0927062646482 -0.730072121004
389 23.6202165474 98.5862153623 128.268743182 0.57555969886 0.00046005722318 32.5720458728 0.0940852584338 -0.728098104813
390 43.6052551937 192.004449243 259.597153624 1.16507223234 0.000931450720567 67.0104583729 0.0878477824925 -0.739490570784
391 18.7658251796 80.4704281745 108.51346222 0.487002395469 0.000389343298513 28.148309238 0.0901175848132 -0.734446406882
392 20.2728153113 86.4557544643 115.701435081 0.519242095419 0.000415101891836 29.8789317012 0.0909300113961 -0.757186892646
393 22.8612399599 95.863117648 125.454446564 0.562948248081 0.000449990335096 31.9689484107 0.0934094722312 -0.757963633529
394 40.2522698455 184.844994779 274.755387821 1.23365059628 0.000986728715117 75.1779223098 0.0803298560296 -0.692956704142
395 10.1335160721 44.8435166097 63.1636261218 0.283534375184 0.000226725859867 16.793973535 0.085569480351 -0.712008093012
396 15.5241332109 66.7674504429 90.4207812258 0.405811972955 0.000324441083741 23.5140545078 0.0896734496594 -0.702796566843
397 28.6789287784 129.326175501 187.152718682 0.84021307042 0.000671956118323 50.4947963596 0.0828873869071 -0.69836469727
398 24.9343743463 114.797097597 160.241774681 0.719275947034 0.000575136811991 41.9157694541 0.0829230020121 -0.686237289684
399 29.8279575501 132.360401251 182.101867748 0.817342753218 0.000653505442153 47.5470431064 0.0864307355744 -0.701684961171
400 19.0840486209 82.7424554284 113.281525867 0.508438875128 0.000406512063575 29.6435037177 0.0885090677344 -0.714008272465
401 23.5653939428 96.6205772056 122.860063991 0.551224895778 0.000440552223145 30.7598873955 0.0967389835205 -0.717766363613
402 16.3112417789 73.2495667563 105.342832161 0.472917959056 0.000378202559533 28.3267355985 0.0834860144765 -0.723556243455
403 25.6143041704 115.785891009 168.105570997 0.754713102253 0.000603587223157 45.4333613593 0.0825572576933 -0.724231008966
404 10.5213169215 50.3166518465 74.6493631425 0.335172309201 0.000268083093814 20.2171403093 0.0774635706744 -0.667874940733
405 19.5886329943 82.3149959639 108.086604299 0.485022268357 0.000387707316027 27.6010905752 0.0930684077902 -0.686027842685
406 25.1959848179 99.938362125 121.152566626 0.543427130121 0.000434209211012 66.8455950191 0.102077971547 -0.672911446012
407 22.4487359332 99.2861971982 135.728308186 0.609181636965 0.000487054949786 35.2960660074 0.0869860224087 -0.705892035677
408 19.3510102824 80.6265190142 104.671702708 0.469671226748 0.000375413965089 26.5446639248 0.0943402804953 -0.717530856061
409 36.2565334996 166.706815233 248.182261073 1.11434513679 0.000891309278668 67.9596513021 0.0801673056605 -0.725780657403
410 25.8176054412 116.853600685 169.993729966 0.76319696973 0.000610377963605 45.9927663059 0.082371530951 -0.710326782822
411 33.1013031701 138.982809054 182.257377358 0.817846955544 0.000653749539906 46.5034227766 0.09320110394 -0.717543593161
412 32.1684919283 141.722516967 196.363617064 0.881385029048 0.000704735244108 51.6381366225 0.0866755849408 -0.716285876416
413 49.8620049047 213.844084664 288.44849917 1.29454267198 0.00103494817865 74.8366851409 0.0900930344511 -0.722698054318
414 37.2224991015 158.059862643 210.533583386 0.944805523539 0.000755295541873 56.7207187417 0.0915093944661 -0.717454377207
415 31.9557863381 138.293818083 170.585032939 0.765223669178 0.000611482056795 40.9009009358 0.0935472544963 -0.771092703013
416 40.6656474821 154.556209473 178.929985358 0.80237627522 0.000640939638453 42.076638054 0.108454781819 -0.777941247908
417 22.3470370074 94.113450425 123.867464382 0.555843032309 0.000444323964672 31.6728336016 0.0927708557617 -0.758049878692
418 46.9065297095 197.549900422 256.098554629 1.14912898617 0.000918506684414 77.1419129028 0.0934942380363 -0.726978172717
419 14.2006076029 67.2215046693 104.680384281 0.470110048259 0.000376093489759 29.3182788977 0.0761128830005 -0.691601874065
420 21.1534111141 91.1349727379 123.69960205 0.555174746641 0.000443859606166 32.2099144061 0.0894271107351 -0.712522272297
421 37.8497911317 172.270310853 252.63418903 1.13425768555 0.000907173279623 68.6406636531 0.0815922643908 -0.722401389424
422 19.3373157301 93.0113623036 145.944590081 0.655444864358 0.000524380701144 40.9327601686 0.0746760868161 -0.701377265945
423 19.659058104 74.1939059306 85.1996071979 0.382042982284 0.000305161944947 19.9203173203 0.109560938151 -0.745710415156
424 21.7004834447 91.5599187313 116.401016845 0.522244865697 0.000417389793275 28.8949438234 0.0942744751261 -0.759524467192
425 23.9055846043 98.6421241853 126.421373199 0.567226309758 0.000453360018504 31.8057527774 0.0957998510739 -0.757307043946
426 19.7522615955 90.6801678351 134.720074536 0.604891236974 0.00048381784497 36.8519517573 0.0803728518253 -0.701968776475
427 31.471283281 146.683350068 222.979094084 1.00127450782 0.000800945548424 61.7107904074 0.0782603365706 -0.69407322977
428 23.3286496899 108.583912249 164.723135048 0.739672889204 0.000591678128572 45.5410885049 0.0784483371419 -0.691911985043
429 26.6690916138 115.81417412 158.907425749 0.713228130031 0.000570253413456 41.6348294788 0.0882777069139 -0.714374196225
430 42.4236520166 167.274369071 201.761480889 0.904971140876 0.000723068891145 103.717464636 0.102878837518 -0.703333666654
431 15.1910830129 69.5206586107 102.817155637 0.46163820662 0.000369230250079 28.0596570933 0.0808075424573 -0.684167703776
432 25.6563748922 116.052305869 166.523283897 0.747568860939 0.000597840173332 44.6303182206 0.0830356786353 -0.703112264269
433 21.0106793754 94.8332689913 137.409491915 0.616896820776 0.000493363010972 37.0983876615 0.0827612976917 -0.705879080511
434 55.8258297872 234.52625158 307.778693801 1.38110632016 0.00110399765118 78.5658578007 0.0931186331885 -0.7153874034
435 49.6751728985 211.170292026 281.418774208 1.26291796479 0.00100960299804 72.4951528546 0.0913939257281 -0.750669155429
436 51.1148894715 202.176561546 245.664313632 1.10193181914 0.000880470598114 59.7244390814 0.102217803731 -0.760163272439
437 69.5589433896 263.482076466 303.818324833 1.36238216647 0.00108824767207 71.2422931878 0.108988493898 -0.778042562861
438 40.1005775252 158.556639963 192.569235954 0.863770595665 0.000690172061616 46.8008317833 0.102273671926 -0.767342348659
439 62.6791549567 270.2997452 365.381801587 1.63983272323 0.00131101128546 94.8173029659 0.0895414138714 -0.739186817894
440 33.9704702176 139.90048003 178.858195766 0.802489142088 0.000641387239687 44.9296277359 0.0960887377803 -0.752361910687
441 42.5481635572 159.95582172 182.972912512 0.820449831216 0.000655331224854 55.1328491181 0.110143369192 -0.781980919217
442 45.1445236032 170.884595797 196.880547884 0.882847522393 0.00070520006989 46.1387719042 0.109099234643 -0.780339074486
443 27.0394192009 111.384698144 136.653508842 0.612993603389 0.000489822750434 33.0926207081 0.0980786766711 -0.754459172615
444 26.2125394238 107.269277383 126.375794824 0.56676509986 0.000452781612897 66.9968317267 0.100652996386 -0.737871608342
445 42.8391406954 164.623170133 193.087090242 0.865925410439 0.000691755722978 45.8232398019 0.106720057868 -0.793714301551
446 30.3054087367 115.167576645 133.346246225 0.59796540406 0.00047765621428 31.361639538 0.10845916878 -0.738574513499
447 37.4833087127 144.35484699 164.80287268 0.738966038963 0.000590237813328 38.0228749587 0.107902716409 -0.76793817109
448 60.9390740917 224.392811373 250.336883502 1.1223435185 0.00089633042336 57.304172954 0.113524555304 -0.759364786424
449 31.9879483164 137.197852927 185.102625266 0.830732363162 0.00066414642886 48.0307749461 0.0900764931803 -0.708815225171
450 47.5045828053 200.100853928 263.457241222 1.18224053085 0.000945048777089 67.3813988358 0.0927378553678 -0.74612189949
451 20.5642576199 88.8549031723 121.089221869 0.543469768522 0.000434510274946 31.6031906762 0.0890026144826 -0.706195670472
452 18.8478644279 80.7037752053 106.775424227 0.479156705853 0.000383033460115 27.2929890561 0.0911376334209 -0.721238903285
453 20.827093172 93.7426353579 135.279502325 0.607322968239 0.00048569702899 36.4444104493 0.0831563497351 -0.707444759222
