2.0	0	0	0	0	0	0	0	0	0	0	0	0	0	0	0	0	0	0	0	0	0	0	0	0	0	0	0	0	0	0	0	0	0	0	0	0	0	0	0	0	0	0	0	0	0	0	0	0	0	0	0	0	0	0	0	0	0	0	0	0	0	0	0	0	0	0	0	0	0	0	0	0	0	0	0	0	0	0	0	0	0	0	0	0	0	0	0	0	0	0	0	0	0	0	0	0	0	0	0	0	0	
3.15	3.55	0	0	0	0	0	0	0	0	0	0	0	0	0	0	0	0	0	0	0	0	0	0	0	0	0	0	0	0	0	0	0	0	0	0	0	0	0	0	0	0	0	0	0	0	0	0	0	0	0	0	0	0	0	0	0	0	0	0	0	0	0	0	0	0	0	0	0	0	0	0	0	0	0	0	0	0	0	0	0	0	0	0	0	0	0	0	0	0	0	0	0	0	0	0	0	0	0	0	0	0	
6.27	5.64	5.86	0	0	0	0	0	0	0	0	0	0	0	0	0	0	0	0	0	0	0	0	0	0	0	0	0	0	0	0	0	0	0	0	0	0	0	0	0	0	0	0	0	0	0	0	0	0	0	0	0	0	0	0	0	0	0	0	0	0	0	0	0	0	0	0	0	0	0	0	0	0	0	0	0	0	0	0	0	0	0	0	0	0	0	0	0	0	0	0	0	0	0	0	0	0	0	0	0	0	0	
6.78	6.83	7.26	7.18	0	0	0	0	0	0	0	0	0	0	0	0	0	0	0	0	0	0	0	0	0	0	0	0	0	0	0	0	0	0	0	0	0	0	0	0	0	0	0	0	0	0	0	0	0	0	0	0	0	0	0	0	0	0	0	0	0	0	0	0	0	0	0	0	0	0	0	0	0	0	0	0	0	0	0	0	0	0	0	0	0	0	0	0	0	0	0	0	0	0	0	0	0	0	0	0	0	0	
7.14	7.03	6.88	7.16	7.05	0	0	0	0	0	0	0	0	0	0	0	0	0	0	0	0	0	0	0	0	0	0	0	0	0	0	0	0	0	0	0	0	0	0	0	0	0	0	0	0	0	0	0	0	0	0	0	0	0	0	0	0	0	0	0	0	0	0	0	0	0	0	0	0	0	0	0	0	0	0	0	0	0	0	0	0	0	0	0	0	0	0	0	0	0	0	0	0	0	0	0	0	0	0	0	0	0	
6.67	6.69	6.42	6.69	6.62	6.7	0	0	0	0	0	0	0	0	0	0	0	0	0	0	0	0	0	0	0	0	0	0	0	0	0	0	0	0	0	0	0	0	0	0	0	0	0	0	0	0	0	0	0	0	0	0	0	0	0	0	0	0	0	0	0	0	0	0	0	0	0	0	0	0	0	0	0	0	0	0	0	0	0	0	0	0	0	0	0	0	0	0	0	0	0	0	0	0	0	0	0	0	0	0	0	0	
6.3	6.33	6.26	6.35	6.24	6.27	6.2	0	0	0	0	0	0	0	0	0	0	0	0	0	0	0	0	0	0	0	0	0	0	0	0	0	0	0	0	0	0	0	0	0	0	0	0	0	0	0	0	0	0	0	0	0	0	0	0	0	0	0	0	0	0	0	0	0	0	0	0	0	0	0	0	0	0	0	0	0	0	0	0	0	0	0	0	0	0	0	0	0	0	0	0	0	0	0	0	0	0	0	0	0	0	0	
5.77	5.83	5.8	5.75	5.89	5.65	5.71	5.74	0	0	0	0	0	0	0	0	0	0	0	0	0	0	0	0	0	0	0	0	0	0	0	0	0	0	0	0	0	0	0	0	0	0	0	0	0	0	0	0	0	0	0	0	0	0	0	0	0	0	0	0	0	0	0	0	0	0	0	0	0	0	0	0	0	0	0	0	0	0	0	0	0	0	0	0	0	0	0	0	0	0	0	0	0	0	0	0	0	0	0	0	0	0	
5.53	5.46	5.5	5.63	5.42	5.52	5.45	5.5	5.48	0	0	0	0	0	0	0	0	0	0	0	0	0	0	0	0	0	0	0	0	0	0	0	0	0	0	0	0	0	0	0	0	0	0	0	0	0	0	0	0	0	0	0	0	0	0	0	0	0	0	0	0	0	0	0	0	0	0	0	0	0	0	0	0	0	0	0	0	0	0	0	0	0	0	0	0	0	0	0	0	0	0	0	0	0	0	0	0	0	0	0	0	0	
5.12	5.21	5.26	5.22	5.21	5.21	5.24	5.25	5.26	5.32	0	0	0	0	0	0	0	0	0	0	0	0	0	0	0	0	0	0	0	0	0	0	0	0	0	0	0	0	0	0	0	0	0	0	0	0	0	0	0	0	0	0	0	0	0	0	0	0	0	0	0	0	0	0	0	0	0	0	0	0	0	0	0	0	0	0	0	0	0	0	0	0	0	0	0	0	0	0	0	0	0	0	0	0	0	0	0	0	0	0	0	0	
5.07	5.07	5.03	5.02	5.13	5.11	5.1	5.05	5.07	5.06	5.03	0	0	0	0	0	0	0	0	0	0	0	0	0	0	0	0	0	0	0	0	0	0	0	0	0	0	0	0	0	0	0	0	0	0	0	0	0	0	0	0	0	0	0	0	0	0	0	0	0	0	0	0	0	0	0	0	0	0	0	0	0	0	0	0	0	0	0	0	0	0	0	0	0	0	0	0	0	0	0	0	0	0	0	0	0	0	0	0	0	0	0	
5.02	4.97	4.93	4.93	4.89	4.84	4.96	4.96	4.85	4.99	4.93	4.9	0	0	0	0	0	0	0	0	0	0	0	0	0	0	0	0	0	0	0	0	0	0	0	0	0	0	0	0	0	0	0	0	0	0	0	0	0	0	0	0	0	0	0	0	0	0	0	0	0	0	0	0	0	0	0	0	0	0	0	0	0	0	0	0	0	0	0	0	0	0	0	0	0	0	0	0	0	0	0	0	0	0	0	0	0	0	0	0	0	0	
4.79	4.8	4.82	4.86	4.78	4.91	4.82	4.86	4.83	4.88	4.9	4.87	4.81	0	0	0	0	0	0	0	0	0	0	0	0	0	0	0	0	0	0	0	0	0	0	0	0	0	0	0	0	0	0	0	0	0	0	0	0	0	0	0	0	0	0	0	0	0	0	0	0	0	0	0	0	0	0	0	0	0	0	0	0	0	0	0	0	0	0	0	0	0	0	0	0	0	0	0	0	0	0	0	0	0	0	0	0	0	0	0	0	0	
4.62	4.54	4.8	4.7	4.73	4.6	4.62	4.62	4.65	4.66	4.63	4.62	4.73	4.75	0	0	0	0	0	0	0	0	0	0	0	0	0	0	0	0	0	0	0	0	0	0	0	0	0	0	0	0	0	0	0	0	0	0	0	0	0	0	0	0	0	0	0	0	0	0	0	0	0	0	0	0	0	0	0	0	0	0	0	0	0	0	0	0	0	0	0	0	0	0	0	0	0	0	0	0	0	0	0	0	0	0	0	0	0	0	0	0	
4.51	4.54	4.55	4.57	4.46	4.51	4.53	4.47	4.57	4.45	4.48	4.45	4.47	4.54	4.53	0	0	0	0	0	0	0	0	0	0	0	0	0	0	0	0	0	0	0	0	0	0	0	0	0	0	0	0	0	0	0	0	0	0	0	0	0	0	0	0	0	0	0	0	0	0	0	0	0	0	0	0	0	0	0	0	0	0	0	0	0	0	0	0	0	0	0	0	0	0	0	0	0	0	0	0	0	0	0	0	0	0	0	0	0	0	0	
4.41	4.37	4.38	4.41	4.49	4.41	4.36	4.34	4.36	4.35	4.35	4.38	4.35	4.37	4.43	4.5	0	0	0	0	0	0	0	0	0	0	0	0	0	0	0	0	0	0	0	0	0	0	0	0	0	0	0	0	0	0	0	0	0	0	0	0	0	0	0	0	0	0	0	0	0	0	0	0	0	0	0	0	0	0	0	0	0	0	0	0	0	0	0	0	0	0	0	0	0	0	0	0	0	0	0	0	0	0	0	0	0	0	0	0	0	0	
4.24	4.27	4.22	4.21	4.27	4.17	4.2	4.22	4.24	4.29	4.24	4.27	4.3	4.19	4.24	4.31	4.29	0	0	0	0	0	0	0	0	0	0	0	0	0	0	0	0	0	0	0	0	0	0	0	0	0	0	0	0	0	0	0	0	0	0	0	0	0	0	0	0	0	0	0	0	0	0	0	0	0	0	0	0	0	0	0	0	0	0	0	0	0	0	0	0	0	0	0	0	0	0	0	0	0	0	0	0	0	0	0	0	0	0	0	0	0	
4.12	4.11	4.17	4.11	4.14	4.14	4.19	4.15	4.18	4.17	4.12	4.15	4.16	4.16	4.18	4.22	4.19	4.13	0	0	0	0	0	0	0	0	0	0	0	0	0	0	0	0	0	0	0	0	0	0	0	0	0	0	0	0	0	0	0	0	0	0	0	0	0	0	0	0	0	0	0	0	0	0	0	0	0	0	0	0	0	0	0	0	0	0	0	0	0	0	0	0	0	0	0	0	0	0	0	0	0	0	0	0	0	0	0	0	0	0	0	0	
4.1	4.09	4.1	4.13	4.1	4.08	4.17	4.1	4.07	4.15	4.07	4.1	4.07	4.08	4.05	4.1	4.04	4.11	4.16	0	0	0	0	0	0	0	0	0	0	0	0	0	0	0	0	0	0	0	0	0	0	0	0	0	0	0	0	0	0	0	0	0	0	0	0	0	0	0	0	0	0	0	0	0	0	0	0	0	0	0	0	0	0	0	0	0	0	0	0	0	0	0	0	0	0	0	0	0	0	0	0	0	0	0	0	0	0	0	0	0	0	0	
4.04	4.06	4.06	4.04	4.06	4.06	4.02	4.07	4.02	4.03	4.02	4.04	4.07	4.04	4.07	4.05	4.02	4.1	4.04	4.05	0	0	0	0	0	0	0	0	0	0	0	0	0	0	0	0	0	0	0	0	0	0	0	0	0	0	0	0	0	0	0	0	0	0	0	0	0	0	0	0	0	0	0	0	0	0	0	0	0	0	0	0	0	0	0	0	0	0	0	0	0	0	0	0	0	0	0	0	0	0	0	0	0	0	0	0	0	0	0	0	0	0	
4.04	4.02	4.02	4.03	4.04	4.02	4.04	4.02	4.04	4.02	4.02	4.03	4.04	4.0	4.03	4.06	4.03	4.05	4.01	4.01	4.04	0	0	0	0	0	0	0	0	0	0	0	0	0	0	0	0	0	0	0	0	0	0	0	0	0	0	0	0	0	0	0	0	0	0	0	0	0	0	0	0	0	0	0	0	0	0	0	0	0	0	0	0	0	0	0	0	0	0	0	0	0	0	0	0	0	0	0	0	0	0	0	0	0	0	0	0	0	0	0	0	0	
4.01	4.05	4.01	4.01	4.02	4.0	4.01	4.02	4.01	4.02	4.03	4.01	4.01	4.01	4.01	4.03	4.0	4.01	4.04	4.03	4.04	4.03	0	0	0	0	0	0	0	0	0	0	0	0	0	0	0	0	0	0	0	0	0	0	0	0	0	0	0	0	0	0	0	0	0	0	0	0	0	0	0	0	0	0	0	0	0	0	0	0	0	0	0	0	0	0	0	0	0	0	0	0	0	0	0	0	0	0	0	0	0	0	0	0	0	0	0	0	0	0	0	0	
4.02	4.0	4.0	4.0	3.99	4.01	4.0	4.01	3.99	4.0	4.0	4.01	4.01	4.0	4.0	4.01	4.0	4.01	4.02	4.02	4.0	4.0	4.01	0	0	0	0	0	0	0	0	0	0	0	0	0	0	0	0	0	0	0	0	0	0	0	0	0	0	0	0	0	0	0	0	0	0	0	0	0	0	0	0	0	0	0	0	0	0	0	0	0	0	0	0	0	0	0	0	0	0	0	0	0	0	0	0	0	0	0	0	0	0	0	0	0	0	0	0	0	0	0	
3.99	4.0	4.0	4.0	4.0	4.0	4.02	4.01	4.01	4.0	4.0	4.0	4.01	4.0	4.01	4.0	4.0	4.0	4.0	4.0	4.0	4.02	4.0	4.01	0	0	0	0	0	0	0	0	0	0	0	0	0	0	0	0	0	0	0	0	0	0	0	0	0	0	0	0	0	0	0	0	0	0	0	0	0	0	0	0	0	0	0	0	0	0	0	0	0	0	0	0	0	0	0	0	0	0	0	0	0	0	0	0	0	0	0	0	0	0	0	0	0	0	0	0	0	0	
4.01	4.0	4.0	4.0	3.99	4.0	4.0	4.0	4.01	4.0	4.0	4.0	4.0	4.0	4.0	4.0	4.0	4.0	4.0	4.0	4.01	4.01	4.0	4.0	4.01	0	0	0	0	0	0	0	0	0	0	0	0	0	0	0	0	0	0	0	0	0	0	0	0	0	0	0	0	0	0	0	0	0	0	0	0	0	0	0	0	0	0	0	0	0	0	0	0	0	0	0	0	0	0	0	0	0	0	0	0	0	0	0	0	0	0	0	0	0	0	0	0	0	0	0	0	0	
4.0	4.0	4.0	4.0	4.0	4.0	4.0	3.99	4.0	3.99	4.0	4.0	4.0	4.0	4.0	3.99	4.0	4.0	4.0	4.0	4.0	4.0	4.0	3.99	4.0	4.0	0	0	0	0	0	0	0	0	0	0	0	0	0	0	0	0	0	0	0	0	0	0	0	0	0	0	0	0	0	0	0	0	0	0	0	0	0	0	0	0	0	0	0	0	0	0	0	0	0	0	0	0	0	0	0	0	0	0	0	0	0	0	0	0	0	0	0	0	0	0	0	0	0	0	0	0	
4.0	4.0	4.0	4.0	4.0	4.0	4.0	4.0	4.0	3.99	4.0	4.0	4.0	4.01	4.0	4.0	4.0	4.0	4.0	4.01	4.0	4.0	4.0	3.99	4.0	4.0	4.0	0	0	0	0	0	0	0	0	0	0	0	0	0	0	0	0	0	0	0	0	0	0	0	0	0	0	0	0	0	0	0	0	0	0	0	0	0	0	0	0	0	0	0	0	0	0	0	0	0	0	0	0	0	0	0	0	0	0	0	0	0	0	0	0	0	0	0	0	0	0	0	0	0	0	0	
4.0	4.0	4.0	4.0	4.0	4.01	4.0	4.0	4.0	3.99	4.0	4.0	4.0	4.0	4.0	4.0	4.0	4.0	4.0	4.0	4.0	4.0	4.0	4.01	4.0	4.0	4.0	4.0	0	0	0	0	0	0	0	0	0	0	0	0	0	0	0	0	0	0	0	0	0	0	0	0	0	0	0	0	0	0	0	0	0	0	0	0	0	0	0	0	0	0	0	0	0	0	0	0	0	0	0	0	0	0	0	0	0	0	0	0	0	0	0	0	0	0	0	0	0	0	0	0	0	0	
4.0	4.0	4.0	4.0	4.0	4.0	4.0	4.0	4.0	4.0	4.0	4.01	4.0	4.0	4.0	4.0	4.0	4.0	4.0	4.0	4.0	4.0	4.0	4.0	4.0	4.0	4.0	4.0	4.0	0	0	0	0	0	0	0	0	0	0	0	0	0	0	0	0	0	0	0	0	0	0	0	0	0	0	0	0	0	0	0	0	0	0	0	0	0	0	0	0	0	0	0	0	0	0	0	0	0	0	0	0	0	0	0	0	0	0	0	0	0	0	0	0	0	0	0	0	0	0	0	0	0	
4.0	4.0	4.0	4.0	4.0	4.0	4.0	4.0	4.0	4.0	4.0	4.0	4.0	4.0	4.0	4.0	4.0	4.0	4.0	4.0	4.0	4.0	4.0	4.0	4.0	4.0	4.0	4.0	4.0	4.0	0	0	0	0	0	0	0	0	0	0	0	0	0	0	0	0	0	0	0	0	0	0	0	0	0	0	0	0	0	0	0	0	0	0	0	0	0	0	0	0	0	0	0	0	0	0	0	0	0	0	0	0	0	0	0	0	0	0	0	0	0	0	0	0	0	0	0	0	0	0	0	0	
4.0	4.0	4.0	4.0	4.0	3.99	4.0	3.98	4.0	4.0	4.0	4.0	3.99	4.01	4.0	4.0	3.99	4.0	4.0	4.0	4.0	4.0	4.0	4.0	4.0	4.0	4.0	4.0	4.0	4.0	4.0	0	0	0	0	0	0	0	0	0	0	0	0	0	0	0	0	0	0	0	0	0	0	0	0	0	0	0	0	0	0	0	0	0	0	0	0	0	0	0	0	0	0	0	0	0	0	0	0	0	0	0	0	0	0	0	0	0	0	0	0	0	0	0	0	0	0	0	0	0	0	0	
4.0	4.0	4.0	4.0	4.0	4.0	4.0	4.0	4.0	4.0	4.0	4.0	4.0	4.0	4.0	4.0	4.0	4.0	4.0	4.0	4.0	4.0	4.0	4.0	4.0	4.0	4.0	4.0	4.0	4.0	4.0	4.0	0	0	0	0	0	0	0	0	0	0	0	0	0	0	0	0	0	0	0	0	0	0	0	0	0	0	0	0	0	0	0	0	0	0	0	0	0	0	0	0	0	0	0	0	0	0	0	0	0	0	0	0	0	0	0	0	0	0	0	0	0	0	0	0	0	0	0	0	0	0	
4.0	4.0	4.0	4.0	4.0	4.0	4.0	4.0	4.0	4.0	4.0	4.0	3.99	4.0	4.0	4.0	4.0	4.0	4.0	4.0	4.0	4.0	4.0	4.0	4.0	4.0	4.0	4.0	3.99	4.0	4.0	4.0	3.99	0	0	0	0	0	0	0	0	0	0	0	0	0	0	0	0	0	0	0	0	0	0	0	0	0	0	0	0	0	0	0	0	0	0	0	0	0	0	0	0	0	0	0	0	0	0	0	0	0	0	0	0	0	0	0	0	0	0	0	0	0	0	0	0	0	0	0	0	0	
4.0	4.0	4.0	4.0	4.0	4.0	4.0	3.99	4.0	4.0	4.0	4.0	3.99	4.0	4.0	3.99	4.0	4.0	4.0	4.0	4.0	4.0	4.0	4.0	4.0	3.99	4.0	4.0	4.0	4.0	4.0	4.0	4.0	3.98	0	0	0	0	0	0	0	0	0	0	0	0	0	0	0	0	0	0	0	0	0	0	0	0	0	0	0	0	0	0	0	0	0	0	0	0	0	0	0	0	0	0	0	0	0	0	0	0	0	0	0	0	0	0	0	0	0	0	0	0	0	0	0	0	0	0	0	0	
4.0	4.0	4.0	4.0	4.0	4.0	4.0	4.0	4.0	4.0	4.0	4.0	4.0	4.0	4.0	4.0	4.0	4.0	4.0	4.0	4.0	4.0	4.0	4.0	4.0	4.0	4.0	4.0	4.0	4.0	4.0	4.0	4.0	4.0	3.99	0	0	0	0	0	0	0	0	0	0	0	0	0	0	0	0	0	0	0	0	0	0	0	0	0	0	0	0	0	0	0	0	0	0	0	0	0	0	0	0	0	0	0	0	0	0	0	0	0	0	0	0	0	0	0	0	0	0	0	0	0	0	0	0	0	0	0	
4.0	4.0	3.99	4.0	4.0	4.0	4.0	4.0	4.0	4.0	4.0	4.0	3.99	4.0	4.0	3.99	3.99	4.0	4.0	4.0	4.0	4.0	4.0	4.0	4.0	3.99	4.0	4.0	4.0	4.0	4.0	4.0	4.0	3.99	4.0	4.0	0	0	0	0	0	0	0	0	0	0	0	0	0	0	0	0	0	0	0	0	0	0	0	0	0	0	0	0	0	0	0	0	0	0	0	0	0	0	0	0	0	0	0	0	0	0	0	0	0	0	0	0	0	0	0	0	0	0	0	0	0	0	0	0	0	0	
4.0	4.0	4.0	4.0	4.0	4.0	4.0	4.0	4.0	4.0	3.99	4.0	4.0	4.0	4.0	4.0	4.0	4.0	4.0	4.0	4.0	4.0	3.99	4.0	4.0	4.0	4.0	3.99	4.0	4.0	4.0	4.0	4.0	4.0	4.0	3.99	4.0	0	0	0	0	0	0	0	0	0	0	0	0	0	0	0	0	0	0	0	0	0	0	0	0	0	0	0	0	0	0	0	0	0	0	0	0	0	0	0	0	0	0	0	0	0	0	0	0	0	0	0	0	0	0	0	0	0	0	0	0	0	0	0	0	0	
4.0	3.99	4.0	4.0	4.0	3.99	4.0	3.99	4.0	4.0	4.0	4.0	4.0	4.0	4.0	4.0	4.0	4.0	4.0	4.0	3.99	4.0	4.0	3.99	4.0	4.0	4.0	3.99	3.99	4.0	4.0	4.0	4.0	3.99	4.0	4.0	4.0	4.0	0	0	0	0	0	0	0	0	0	0	0	0	0	0	0	0	0	0	0	0	0	0	0	0	0	0	0	0	0	0	0	0	0	0	0	0	0	0	0	0	0	0	0	0	0	0	0	0	0	0	0	0	0	0	0	0	0	0	0	0	0	0	0	0	
4.0	4.0	4.0	4.0	4.0	4.0	4.0	4.0	4.0	4.0	4.0	4.0	4.0	4.0	4.0	4.0	4.0	4.0	4.0	4.0	4.0	3.99	4.0	4.0	3.99	4.0	4.0	4.0	4.0	4.0	4.0	4.0	4.0	4.0	4.0	4.0	4.0	4.0	4.0	0	0	0	0	0	0	0	0	0	0	0	0	0	0	0	0	0	0	0	0	0	0	0	0	0	0	0	0	0	0	0	0	0	0	0	0	0	0	0	0	0	0	0	0	0	0	0	0	0	0	0	0	0	0	0	0	0	0	0	0	0	0	0	
3.99	4.0	4.0	4.0	4.0	4.0	4.0	4.0	4.0	4.0	4.0	4.0	4.0	3.99	3.99	4.0	4.0	4.0	4.0	4.0	4.0	4.0	4.0	4.0	4.0	4.0	4.0	4.0	3.99	4.0	4.0	3.99	4.0	4.0	4.0	4.0	3.99	4.0	4.0	4.0	0	0	0	0	0	0	0	0	0	0	0	0	0	0	0	0	0	0	0	0	0	0	0	0	0	0	0	0	0	0	0	0	0	0	0	0	0	0	0	0	0	0	0	0	0	0	0	0	0	0	0	0	0	0	0	0	0	0	0	0	0	0	
4.0	4.0	4.0	4.0	4.0	4.0	4.0	4.0	4.0	4.0	4.0	4.0	4.0	4.0	4.0	4.0	4.0	4.0	4.0	4.0	4.0	4.0	4.0	4.0	4.0	3.99	4.0	4.0	4.0	4.0	4.0	4.0	4.0	4.0	3.99	3.99	4.0	4.0	4.0	4.0	4.0	0	0	0	0	0	0	0	0	0	0	0	0	0	0	0	0	0	0	0	0	0	0	0	0	0	0	0	0	0	0	0	0	0	0	0	0	0	0	0	0	0	0	0	0	0	0	0	0	0	0	0	0	0	0	0	0	0	0	0	0	0	
4.0	4.0	4.0	4.0	4.0	4.0	4.0	4.0	4.0	4.0	3.99	4.0	4.0	4.0	4.0	3.99	4.0	4.0	4.0	4.0	4.0	4.0	3.99	4.0	4.0	4.0	4.0	4.0	4.0	4.0	4.0	4.0	4.0	4.0	4.0	4.0	4.0	4.0	4.0	4.0	4.0	4.0	0	0	0	0	0	0	0	0	0	0	0	0	0	0	0	0	0	0	0	0	0	0	0	0	0	0	0	0	0	0	0	0	0	0	0	0	0	0	0	0	0	0	0	0	0	0	0	0	0	0	0	0	0	0	0	0	0	0	0	0	
4.0	4.0	4.0	4.0	4.0	4.0	4.0	3.99	4.0	4.0	4.0	4.0	4.0	4.0	4.0	4.0	3.99	4.0	4.0	4.0	4.0	4.0	4.0	4.0	4.0	4.0	4.0	3.99	4.0	4.0	4.0	4.0	4.0	4.0	4.0	4.0	4.0	4.0	4.0	4.0	4.0	3.99	4.0	0	0	0	0	0	0	0	0	0	0	0	0	0	0	0	0	0	0	0	0	0	0	0	0	0	0	0	0	0	0	0	0	0	0	0	0	0	0	0	0	0	0	0	0	0	0	0	0	0	0	0	0	0	0	0	0	0	0	0	
4.0	4.0	4.0	4.0	4.0	4.0	4.0	4.0	4.0	4.0	4.0	4.0	4.0	4.0	4.0	4.0	4.0	4.0	4.0	4.0	4.0	4.0	4.0	4.0	4.0	4.0	4.0	4.0	4.0	4.0	4.0	4.0	4.0	3.99	4.0	4.0	4.0	4.0	4.0	4.0	4.0	4.0	4.0	4.0	0	0	0	0	0	0	0	0	0	0	0	0	0	0	0	0	0	0	0	0	0	0	0	0	0	0	0	0	0	0	0	0	0	0	0	0	0	0	0	0	0	0	0	0	0	0	0	0	0	0	0	0	0	0	0	0	0	0	
3.99	3.99	4.0	3.99	4.0	4.0	4.0	4.0	3.99	4.0	4.0	4.0	4.0	4.0	4.0	4.0	4.0	4.0	4.0	4.0	4.0	4.0	4.0	4.0	3.99	4.0	4.0	4.0	4.0	4.0	4.0	4.0	4.0	4.0	4.0	4.0	4.0	4.0	3.99	4.0	4.0	4.0	4.0	4.0	4.0	0	0	0	0	0	0	0	0	0	0	0	0	0	0	0	0	0	0	0	0	0	0	0	0	0	0	0	0	0	0	0	0	0	0	0	0	0	0	0	0	0	0	0	0	0	0	0	0	0	0	0	0	0	0	0	0	0	
4.0	3.99	4.0	4.0	4.0	4.0	3.99	3.99	4.0	3.99	4.0	4.0	3.99	4.0	4.0	4.0	4.0	4.0	4.0	4.0	4.0	4.0	3.99	4.0	4.0	4.0	4.0	4.0	4.0	4.0	4.0	4.0	4.0	4.0	4.0	4.0	3.99	4.0	4.0	4.0	4.0	4.0	4.0	4.0	4.0	4.0	0	0	0	0	0	0	0	0	0	0	0	0	0	0	0	0	0	0	0	0	0	0	0	0	0	0	0	0	0	0	0	0	0	0	0	0	0	0	0	0	0	0	0	0	0	0	0	0	0	0	0	0	0	0	0	0	
4.0	4.0	4.0	4.0	4.0	4.0	4.0	4.0	4.0	4.0	4.0	4.0	4.0	3.99	4.0	4.0	4.0	3.99	4.0	4.0	4.0	4.0	4.0	3.99	4.0	4.0	4.0	4.0	4.0	4.0	4.0	4.0	4.0	4.0	4.0	4.0	4.0	3.99	4.0	4.0	4.0	4.0	4.0	4.0	4.0	4.0	4.0	0	0	0	0	0	0	0	0	0	0	0	0	0	0	0	0	0	0	0	0	0	0	0	0	0	0	0	0	0	0	0	0	0	0	0	0	0	0	0	0	0	0	0	0	0	0	0	0	0	0	0	0	0	0	0	
4.0	4.0	3.99	4.0	4.0	4.0	4.0	3.99	4.0	4.0	4.0	4.0	4.0	4.0	4.0	4.0	4.0	4.0	4.0	4.0	4.0	4.0	4.0	4.0	4.0	4.0	4.0	3.98	4.0	4.0	4.0	4.0	4.0	4.0	4.0	4.0	4.0	4.0	4.0	4.0	3.99	4.0	4.0	4.0	4.0	4.0	4.0	3.99	0	0	0	0	0	0	0	0	0	0	0	0	0	0	0	0	0	0	0	0	0	0	0	0	0	0	0	0	0	0	0	0	0	0	0	0	0	0	0	0	0	0	0	0	0	0	0	0	0	0	0	0	0	0	
4.0	4.0	4.0	3.99	4.0	4.0	4.0	4.0	3.99	4.0	4.0	4.0	4.0	4.0	3.99	4.0	4.0	4.0	4.0	4.0	3.99	3.99	4.0	4.0	4.0	4.0	4.0	4.0	4.0	4.0	4.0	4.0	4.0	4.0	3.99	4.0	4.0	4.0	3.99	4.0	4.0	4.0	4.0	4.0	4.0	4.0	4.0	3.99	4.0	0	0	0	0	0	0	0	0	0	0	0	0	0	0	0	0	0	0	0	0	0	0	0	0	0	0	0	0	0	0	0	0	0	0	0	0	0	0	0	0	0	0	0	0	0	0	0	0	0	0	0	0	0	
4.0	4.0	4.0	4.0	4.0	4.0	4.0	4.0	4.0	4.0	3.99	4.0	4.0	4.0	4.0	3.99	4.0	4.0	4.0	4.0	4.0	4.0	4.0	4.0	4.0	3.99	4.0	4.0	4.0	4.0	4.0	4.0	4.0	4.0	4.0	4.0	4.0	4.0	4.0	4.0	4.0	4.0	4.0	3.99	4.0	3.99	4.0	4.0	4.0	4.0	0	0	0	0	0	0	0	0	0	0	0	0	0	0	0	0	0	0	0	0	0	0	0	0	0	0	0	0	0	0	0	0	0	0	0	0	0	0	0	0	0	0	0	0	0	0	0	0	0	0	0	0	
4.0	4.0	4.0	4.0	4.0	4.0	4.0	4.0	4.0	4.0	4.0	4.0	4.0	4.0	4.0	4.0	4.0	4.0	4.0	4.0	4.0	4.0	4.0	4.0	4.0	3.99	4.0	4.0	4.0	4.0	4.0	3.99	4.0	4.0	4.0	4.0	4.0	4.0	4.0	4.0	3.99	4.0	4.0	4.0	4.0	4.0	4.0	4.0	4.0	4.0	3.99	0	0	0	0	0	0	0	0	0	0	0	0	0	0	0	0	0	0	0	0	0	0	0	0	0	0	0	0	0	0	0	0	0	0	0	0	0	0	0	0	0	0	0	0	0	0	0	0	0	0	0	
4.0	4.0	4.0	4.0	4.0	4.0	3.99	4.0	4.0	4.0	4.0	4.0	4.0	4.0	4.0	4.0	4.0	3.99	4.0	4.0	4.0	4.0	4.0	4.0	4.0	4.0	4.0	4.0	4.0	3.99	4.0	4.0	4.0	4.0	4.0	4.0	4.0	4.0	4.0	4.0	4.0	3.99	4.0	4.0	4.0	4.0	4.0	4.0	4.0	4.0	4.0	4.0	0	0	0	0	0	0	0	0	0	0	0	0	0	0	0	0	0	0	0	0	0	0	0	0	0	0	0	0	0	0	0	0	0	0	0	0	0	0	0	0	0	0	0	0	0	0	0	0	0	0	
4.0	4.0	3.98	4.0	4.0	4.0	4.0	4.0	4.0	4.0	4.0	3.99	4.0	4.0	4.0	4.0	4.0	4.0	4.0	4.0	4.0	3.99	4.0	4.0	4.0	4.0	4.0	4.0	3.99	4.0	4.0	3.99	4.0	3.98	4.0	4.0	4.0	3.99	4.0	4.0	4.0	3.99	4.0	4.0	4.0	4.0	4.0	4.0	4.0	4.0	4.0	4.0	3.99	0	0	0	0	0	0	0	0	0	0	0	0	0	0	0	0	0	0	0	0	0	0	0	0	0	0	0	0	0	0	0	0	0	0	0	0	0	0	0	0	0	0	0	0	0	0	0	0	0	
4.0	4.0	4.0	3.99	4.0	4.0	4.0	4.0	4.0	4.0	4.0	4.0	4.0	4.0	4.0	4.0	4.0	4.0	4.0	4.0	4.0	4.0	4.0	3.99	3.99	4.0	4.0	4.0	4.0	4.0	4.0	4.0	4.0	4.0	4.0	4.0	4.0	4.0	3.99	4.0	4.0	3.98	4.0	4.0	4.0	3.99	4.0	4.0	4.0	4.0	4.0	4.0	4.0	4.0	0	0	0	0	0	0	0	0	0	0	0	0	0	0	0	0	0	0	0	0	0	0	0	0	0	0	0	0	0	0	0	0	0	0	0	0	0	0	0	0	0	0	0	0	0	0	0	0	
4.0	4.0	4.0	4.0	4.0	4.0	4.0	4.0	4.0	4.0	4.0	4.0	4.0	4.0	4.0	4.0	4.0	4.0	4.0	4.0	4.0	4.0	4.0	4.0	4.0	4.0	4.0	3.99	4.0	4.0	4.0	4.0	4.0	4.0	4.0	4.0	4.0	4.0	4.0	3.99	4.0	4.0	4.0	3.99	4.0	4.0	4.0	4.0	4.0	4.0	4.0	3.99	4.0	3.99	4.0	0	0	0	0	0	0	0	0	0	0	0	0	0	0	0	0	0	0	0	0	0	0	0	0	0	0	0	0	0	0	0	0	0	0	0	0	0	0	0	0	0	0	0	0	0	0	0	
4.0	4.0	4.0	4.0	4.0	3.99	4.0	4.0	4.0	4.0	4.0	4.0	4.0	4.0	4.0	4.0	4.0	4.0	4.0	4.0	4.0	4.0	4.0	4.0	4.0	4.0	4.0	4.0	4.0	4.0	4.0	4.0	4.0	4.0	4.0	4.0	4.0	4.0	4.0	4.0	4.0	4.0	4.0	4.0	4.0	4.0	4.0	4.0	4.0	4.0	4.0	4.0	4.0	4.0	3.99	3.99	0	0	0	0	0	0	0	0	0	0	0	0	0	0	0	0	0	0	0	0	0	0	0	0	0	0	0	0	0	0	0	0	0	0	0	0	0	0	0	0	0	0	0	0	0	0	
4.0	4.0	4.0	4.0	4.0	4.0	4.0	4.0	4.0	4.0	4.0	4.0	4.0	4.0	4.0	3.98	4.0	4.0	4.0	4.0	4.0	3.99	3.99	3.99	4.0	3.99	4.0	4.0	4.0	4.0	4.0	4.0	4.0	4.0	4.0	4.0	4.0	3.99	4.0	4.0	4.0	3.99	4.0	4.0	4.0	4.0	3.99	4.0	4.0	4.0	4.0	4.0	3.99	4.0	4.0	4.0	4.0	0	0	0	0	0	0	0	0	0	0	0	0	0	0	0	0	0	0	0	0	0	0	0	0	0	0	0	0	0	0	0	0	0	0	0	0	0	0	0	0	0	0	0	0	0	
4.0	4.0	4.0	4.0	4.0	4.0	4.0	4.0	4.0	4.0	3.99	4.0	4.0	4.0	4.0	4.0	4.0	4.0	4.0	3.99	4.0	4.0	4.0	4.0	4.0	4.0	4.0	4.0	3.99	4.0	4.0	4.0	4.0	4.0	4.0	4.0	4.0	4.0	3.99	4.0	4.0	4.0	3.99	4.0	4.0	3.98	4.0	4.0	4.0	4.0	4.0	3.99	3.99	4.0	4.0	4.0	4.0	4.0	0	0	0	0	0	0	0	0	0	0	0	0	0	0	0	0	0	0	0	0	0	0	0	0	0	0	0	0	0	0	0	0	0	0	0	0	0	0	0	0	0	0	0	0	
4.0	3.99	4.0	4.0	4.0	4.0	3.98	3.99	3.99	4.0	4.0	4.0	4.0	4.0	4.0	4.0	4.0	3.99	3.99	4.0	4.0	4.0	4.0	3.99	3.99	4.0	4.0	4.0	4.0	4.0	4.0	4.0	4.0	4.0	4.0	4.0	4.0	4.0	4.0	4.0	4.0	3.99	4.0	4.0	3.99	3.98	4.0	4.0	4.0	3.99	4.0	4.0	4.0	4.0	4.0	3.99	3.99	4.0	4.0	0	0	0	0	0	0	0	0	0	0	0	0	0	0	0	0	0	0	0	0	0	0	0	0	0	0	0	0	0	0	0	0	0	0	0	0	0	0	0	0	0	0	0	
4.0	4.0	4.0	3.99	4.0	4.0	4.0	4.0	4.0	4.0	4.0	4.0	4.0	4.0	4.0	4.0	3.99	4.0	3.99	4.0	4.0	4.0	3.99	4.0	4.0	4.0	4.0	3.99	4.0	4.0	4.0	4.0	4.0	3.99	4.0	4.0	4.0	4.0	4.0	3.99	4.0	3.99	3.99	4.0	4.0	4.0	4.0	4.0	4.0	4.0	4.0	4.0	3.99	4.0	4.0	4.0	3.99	4.0	3.99	4.0	0	0	0	0	0	0	0	0	0	0	0	0	0	0	0	0	0	0	0	0	0	0	0	0	0	0	0	0	0	0	0	0	0	0	0	0	0	0	0	0	0	0	
3.99	4.0	4.0	4.0	4.0	4.0	4.0	4.0	4.0	4.0	4.0	4.0	4.0	4.0	4.0	3.99	3.99	4.0	4.0	4.0	4.0	3.99	4.0	4.0	4.0	4.0	3.99	4.0	4.0	4.0	4.0	3.99	4.0	4.0	4.0	4.0	3.99	3.99	4.0	4.0	4.0	4.0	4.0	3.99	4.0	4.0	3.99	4.0	4.0	4.0	3.99	4.0	4.0	3.98	4.0	3.99	4.0	3.99	3.99	4.0	4.0	0	0	0	0	0	0	0	0	0	0	0	0	0	0	0	0	0	0	0	0	0	0	0	0	0	0	0	0	0	0	0	0	0	0	0	0	0	0	0	0	0	
4.0	4.0	4.0	4.0	4.0	4.0	4.0	4.0	4.0	4.0	4.0	4.0	4.0	4.0	3.99	4.0	3.99	4.0	4.0	4.0	3.98	3.99	3.98	4.0	4.0	4.0	4.0	4.0	4.0	4.0	4.0	4.0	4.0	3.99	4.0	4.0	4.0	4.0	4.0	3.99	3.99	4.0	4.0	3.99	3.99	4.0	3.99	4.0	3.99	4.0	3.99	3.99	4.0	4.0	4.0	4.0	4.0	3.99	3.99	4.0	4.0	4.0	0	0	0	0	0	0	0	0	0	0	0	0	0	0	0	0	0	0	0	0	0	0	0	0	0	0	0	0	0	0	0	0	0	0	0	0	0	0	0	0	
3.99	3.99	4.0	4.0	4.0	3.98	4.0	4.0	4.0	3.99	4.0	3.99	3.99	4.0	4.0	4.0	4.0	4.0	3.99	4.0	3.99	4.0	3.99	3.99	4.0	3.99	3.99	3.99	3.99	4.0	4.0	3.99	3.99	3.99	4.0	4.0	3.99	4.0	3.98	4.0	4.0	4.0	3.99	4.0	4.0	4.0	4.0	4.0	4.0	4.0	4.0	3.99	4.0	4.0	4.0	3.99	4.0	4.0	3.99	3.98	4.0	3.99	4.0	0	0	0	0	0	0	0	0	0	0	0	0	0	0	0	0	0	0	0	0	0	0	0	0	0	0	0	0	0	0	0	0	0	0	0	0	0	0	0	
3.98	3.99	4.0	3.99	4.0	3.98	4.0	3.99	4.0	3.99	4.0	4.0	4.0	4.0	3.99	3.99	4.0	4.0	3.99	4.0	4.0	4.0	3.98	3.99	3.99	4.0	4.0	3.99	4.0	4.0	4.0	3.99	3.99	4.0	3.99	4.0	3.99	4.0	3.99	3.99	3.99	3.99	4.0	4.0	4.0	4.0	4.0	3.99	4.0	4.0	4.0	3.99	3.98	3.99	3.98	4.0	3.99	4.0	4.0	3.99	4.0	3.99	4.0	4.0	0	0	0	0	0	0	0	0	0	0	0	0	0	0	0	0	0	0	0	0	0	0	0	0	0	0	0	0	0	0	0	0	0	0	0	0	0	0	
3.99	3.99	4.0	4.0	3.99	3.99	4.0	3.98	4.0	4.0	4.0	3.99	3.98	3.98	4.0	3.99	3.99	4.0	3.99	4.0	3.99	4.0	3.99	4.0	4.0	4.0	4.0	4.0	3.99	4.0	4.0	4.0	4.0	4.0	3.98	3.99	3.99	4.0	4.0	3.99	4.0	3.99	3.99	4.0	4.0	4.0	4.0	3.99	4.0	3.99	4.0	4.0	3.99	4.0	4.0	4.0	3.99	3.99	4.0	4.0	3.99	3.99	3.98	3.98	4.0	0	0	0	0	0	0	0	0	0	0	0	0	0	0	0	0	0	0	0	0	0	0	0	0	0	0	0	0	0	0	0	0	0	0	0	0	0	
4.0	3.99	4.0	4.0	4.0	4.0	4.0	4.0	3.99	3.99	4.0	3.98	3.98	4.0	4.0	3.99	3.99	4.0	3.99	4.0	3.98	4.0	4.0	3.99	4.0	3.99	3.99	3.98	3.99	4.0	4.0	3.99	3.99	3.99	3.99	3.99	4.0	3.99	4.0	3.98	3.98	4.0	4.0	3.99	4.0	4.0	3.98	4.0	3.98	4.0	3.99	3.99	4.0	3.99	3.99	4.0	4.0	3.98	4.0	4.0	4.0	3.98	4.0	4.0	4.0	3.99	0	0	0	0	0	0	0	0	0	0	0	0	0	0	0	0	0	0	0	0	0	0	0	0	0	0	0	0	0	0	0	0	0	0	0	0	
4.0	3.98	3.99	4.0	4.0	3.99	4.0	4.0	3.98	3.98	3.99	3.99	3.98	3.99	3.99	4.0	3.99	3.94	3.99	3.99	4.0	3.98	3.97	3.99	3.99	3.99	3.99	4.0	4.0	4.0	3.99	3.99	4.0	3.98	3.99	4.0	3.99	3.99	4.0	3.99	3.99	3.99	3.99	3.98	3.99	4.0	3.99	3.99	3.99	4.0	4.0	4.0	4.0	4.0	3.99	3.99	4.0	3.99	4.0	3.98	4.0	4.0	3.99	3.98	4.0	3.99	4.0	0	0	0	0	0	0	0	0	0	0	0	0	0	0	0	0	0	0	0	0	0	0	0	0	0	0	0	0	0	0	0	0	0	0	0	
3.99	3.99	3.99	4.0	3.99	3.98	3.99	4.0	4.0	4.0	3.99	3.99	3.98	3.95	4.0	3.99	4.0	3.98	3.99	3.98	4.0	3.97	3.98	3.97	4.0	3.97	3.99	3.97	3.98	3.97	3.99	3.99	4.0	3.99	3.98	3.99	3.99	3.98	3.98	4.0	3.98	3.99	3.99	4.0	3.99	3.99	3.99	3.99	3.98	4.0	3.99	3.99	3.99	3.99	3.97	3.98	4.0	3.98	3.98	3.98	4.0	4.0	4.0	4.0	3.99	3.98	3.98	3.98	0	0	0	0	0	0	0	0	0	0	0	0	0	0	0	0	0	0	0	0	0	0	0	0	0	0	0	0	0	0	0	0	0	0	
3.99	4.0	3.98	3.99	3.98	4.0	4.0	3.99	3.98	4.0	4.0	3.99	3.99	3.98	3.99	3.98	3.99	3.98	3.99	3.98	3.99	4.0	3.99	3.99	3.99	4.0	3.96	3.98	4.0	4.0	4.0	3.95	3.98	3.99	3.98	3.99	4.0	3.99	3.99	3.99	3.99	4.0	3.98	3.99	3.98	3.99	3.97	3.99	3.97	4.0	3.96	3.99	3.98	3.99	3.99	3.97	3.99	4.0	3.96	3.98	3.99	3.98	3.98	4.0	4.0	3.97	4.0	3.97	4.0	0	0	0	0	0	0	0	0	0	0	0	0	0	0	0	0	0	0	0	0	0	0	0	0	0	0	0	0	0	0	0	0	0	
3.97	3.97	4.0	3.99	3.98	3.97	3.97	4.0	3.97	3.97	3.97	3.99	3.98	3.99	3.96	3.98	3.99	3.98	3.99	3.99	3.98	3.98	3.98	3.97	3.99	3.99	4.0	3.99	4.0	3.99	3.97	4.0	3.99	3.99	3.98	3.97	3.98	3.96	3.98	3.98	3.98	3.98	3.96	4.0	3.98	3.97	3.99	4.0	3.98	3.95	4.0	3.98	4.0	3.99	3.98	3.99	3.99	3.97	3.98	3.98	3.99	3.99	3.99	3.97	3.97	3.98	3.99	3.97	3.98	3.99	0	0	0	0	0	0	0	0	0	0	0	0	0	0	0	0	0	0	0	0	0	0	0	0	0	0	0	0	0	0	0	0	
4.0	3.99	3.97	3.98	3.99	3.97	3.99	3.99	3.99	4.0	3.99	4.0	3.97	4.0	3.97	3.98	3.97	3.99	3.97	3.97	3.98	4.0	3.98	3.96	3.97	3.99	3.96	4.0	3.99	4.0	4.0	3.98	3.99	3.99	3.98	3.98	3.98	3.98	3.98	4.0	4.0	3.99	3.99	3.97	3.99	3.97	4.0	3.99	3.96	3.98	3.97	3.97	3.98	3.98	3.99	3.98	3.98	3.99	3.99	3.99	4.0	4.0	3.99	4.0	3.97	3.99	3.97	3.99	3.98	3.98	3.94	0	0	0	0	0	0	0	0	0	0	0	0	0	0	0	0	0	0	0	0	0	0	0	0	0	0	0	0	0	0	0	
3.92	3.97	3.97	3.95	3.99	3.98	3.97	3.99	3.95	3.99	3.97	4.0	3.99	3.98	3.97	4.0	3.97	3.97	3.97	4.0	3.99	3.99	3.98	3.94	3.99	3.98	3.99	4.0	3.98	3.97	3.95	4.0	4.0	3.97	3.99	3.94	3.94	4.0	3.99	3.97	4.0	3.98	3.98	4.0	3.98	3.98	3.96	3.98	3.98	3.99	3.94	4.0	3.97	3.99	3.99	3.97	3.99	3.97	3.96	4.0	4.0	3.99	3.97	3.98	3.99	3.97	3.97	3.99	3.98	3.99	3.98	3.99	0	0	0	0	0	0	0	0	0	0	0	0	0	0	0	0	0	0	0	0	0	0	0	0	0	0	0	0	0	0	
3.98	3.99	3.99	3.97	3.98	3.96	3.97	3.99	3.97	3.99	3.99	3.96	3.94	4.0	3.95	4.0	4.0	3.97	3.95	3.99	3.98	3.99	3.97	3.97	3.97	3.98	3.94	3.99	3.98	3.97	3.98	3.97	3.97	3.98	3.99	3.99	3.97	3.98	3.99	3.96	3.99	3.99	3.96	3.97	3.97	3.96	3.98	3.95	3.99	3.96	3.99	3.96	3.94	3.97	3.98	3.98	3.98	4.0	3.96	3.97	3.99	3.98	3.97	3.97	3.97	3.96	3.97	3.97	3.94	3.96	3.99	3.99	3.99	0	0	0	0	0	0	0	0	0	0	0	0	0	0	0	0	0	0	0	0	0	0	0	0	0	0	0	0	0	
4.0	3.97	3.98	3.97	3.95	3.97	3.92	3.98	3.97	3.98	3.98	3.97	3.97	3.98	3.96	3.98	3.98	3.96	3.98	3.97	3.92	3.99	3.96	3.96	3.96	3.98	3.98	3.94	3.97	3.99	3.98	3.99	3.97	3.95	3.94	3.98	3.97	3.95	3.91	3.95	3.94	3.91	3.98	3.97	3.98	3.99	3.95	3.98	3.98	3.95	3.95	3.99	3.95	3.98	3.98	3.96	3.99	3.96	3.98	3.99	3.98	3.98	3.99	3.98	3.97	3.99	3.97	3.97	4.0	3.98	3.93	3.99	3.97	3.98	0	0	0	0	0	0	0	0	0	0	0	0	0	0	0	0	0	0	0	0	0	0	0	0	0	0	0	0	
3.96	3.94	3.93	3.98	3.97	3.96	3.97	3.98	3.97	3.97	3.97	3.96	3.98	3.98	3.99	3.97	4.0	3.98	3.97	3.94	3.96	3.95	3.94	3.96	3.97	3.95	3.99	3.94	3.97	3.97	3.96	4.0	3.96	3.98	3.99	3.98	3.99	3.97	3.97	3.97	3.95	3.98	3.97	3.96	4.0	3.99	4.0	3.97	3.97	3.98	3.98	3.95	3.97	3.94	3.99	3.97	3.94	3.96	3.98	3.97	3.97	3.97	3.95	4.0	3.95	3.99	4.0	3.98	3.97	3.98	3.96	3.96	3.97	3.97	3.97	0	0	0	0	0	0	0	0	0	0	0	0	0	0	0	0	0	0	0	0	0	0	0	0	0	0	0	
3.97	3.95	3.97	3.94	3.99	3.95	3.96	3.95	3.97	3.95	3.98	3.95	3.94	3.97	3.96	3.98	3.98	4.0	3.94	3.95	3.97	3.98	3.94	3.96	3.99	3.96	3.99	3.96	3.91	3.96	3.95	3.98	3.96	3.97	3.98	3.96	3.93	3.94	3.98	3.98	3.97	3.97	3.98	3.98	3.97	4.0	3.97	3.95	3.99	3.97	3.96	3.95	3.97	3.95	3.97	3.97	3.93	3.96	3.99	3.97	3.97	3.99	3.94	3.99	3.99	3.97	3.96	3.95	3.97	3.94	3.96	3.94	3.94	3.95	3.96	3.95	0	0	0	0	0	0	0	0	0	0	0	0	0	0	0	0	0	0	0	0	0	0	0	0	0	0	
3.92	3.95	3.97	3.97	3.93	3.96	3.96	3.96	3.94	3.92	3.97	3.91	3.91	3.94	3.93	3.94	3.97	3.98	3.95	3.98	3.91	3.96	4.0	3.95	3.93	3.94	4.0	3.99	3.95	3.95	3.93	3.96	3.95	3.95	3.97	3.91	3.96	3.91	3.95	3.99	3.93	3.95	3.91	3.99	3.95	3.96	3.95	3.96	3.93	3.96	3.94	3.98	3.98	3.96	3.96	3.95	3.95	3.98	3.95	3.98	3.97	3.96	3.94	3.99	3.98	3.93	3.94	3.97	3.94	3.96	3.96	3.99	3.94	3.95	4.0	3.96	3.96	0	0	0	0	0	0	0	0	0	0	0	0	0	0	0	0	0	0	0	0	0	0	0	0	0	
3.95	3.96	3.94	3.97	3.94	3.94	3.93	3.96	3.96	3.94	3.96	3.95	3.96	3.94	3.96	3.95	3.95	3.97	3.97	3.92	3.98	3.93	3.92	3.93	3.94	3.96	3.94	3.96	3.93	3.98	3.98	3.89	3.98	3.95	3.93	3.98	3.95	3.96	3.99	3.97	3.94	3.94	3.94	3.96	3.95	3.93	3.97	3.96	3.93	3.92	3.95	3.94	3.95	3.93	3.95	3.93	3.91	3.94	3.97	3.94	3.92	3.93	3.95	3.97	3.94	3.93	3.95	3.94	3.89	3.98	3.96	4.0	3.97	3.97	3.95	3.96	3.94	3.96	0	0	0	0	0	0	0	0	0	0	0	0	0	0	0	0	0	0	0	0	0	0	0	0	
3.9	3.95	3.98	3.95	3.87	3.96	3.96	3.89	3.97	3.95	3.94	3.93	3.97	3.94	3.97	3.92	3.95	3.92	3.95	3.95	3.95	3.95	3.92	3.98	3.9	3.96	3.94	3.92	3.92	3.95	3.94	3.94	3.94	3.95	3.96	3.93	3.93	3.94	3.92	3.94	3.94	3.95	3.96	3.93	3.93	3.96	3.94	3.91	3.92	3.95	3.94	3.91	3.94	3.96	3.99	3.9	3.94	3.96	3.95	3.97	3.93	3.93	3.96	3.93	3.98	3.98	3.94	3.94	3.96	3.97	3.95	3.96	3.97	3.96	3.91	3.97	3.96	3.93	3.91	0	0	0	0	0	0	0	0	0	0	0	0	0	0	0	0	0	0	0	0	0	0	0	
3.91	3.91	3.93	3.93	3.9	3.94	3.89	3.9	3.92	3.93	3.94	3.94	3.95	3.9	3.94	3.93	3.93	3.92	3.93	3.91	3.92	3.94	3.96	3.88	3.94	3.92	3.96	3.92	3.95	3.94	3.95	3.93	3.93	3.91	3.92	3.91	3.92	3.95	3.95	3.98	3.95	3.91	3.92	3.95	3.94	3.93	3.97	3.9	3.87	3.95	3.92	3.9	3.93	3.94	3.96	3.92	3.94	3.92	3.96	3.97	3.94	3.92	3.96	3.89	3.96	3.91	3.93	3.92	3.93	3.94	3.94	3.89	3.96	3.91	3.93	3.92	3.89	3.92	3.93	3.94	0	0	0	0	0	0	0	0	0	0	0	0	0	0	0	0	0	0	0	0	0	0	
3.93	3.94	3.93	3.94	3.91	3.93	3.95	3.93	3.94	3.92	3.9	3.9	3.94	3.93	3.95	3.89	3.97	3.94	3.95	3.91	3.94	3.9	3.9	3.91	3.93	3.95	3.93	3.94	3.92	3.91	3.95	3.94	3.92	3.88	3.92	3.91	3.92	3.94	3.95	3.88	3.95	3.93	3.96	3.86	3.9	3.94	3.96	3.94	3.96	3.91	3.94	3.91	3.93	3.92	3.93	3.96	3.94	3.93	3.95	3.9	3.93	3.96	3.94	3.89	3.96	3.97	3.9	3.91	3.92	3.96	3.94	3.91	3.9	3.94	3.93	3.94	3.91	3.87	3.95	3.9	3.95	0	0	0	0	0	0	0	0	0	0	0	0	0	0	0	0	0	0	0	0	0	
3.88	3.94	3.95	3.9	3.89	3.93	3.92	3.91	3.95	3.91	3.93	3.91	3.91	3.86	3.93	3.9	3.91	3.94	3.86	3.94	3.93	3.97	3.94	3.92	3.9	3.95	3.95	3.93	3.92	3.91	3.89	3.91	3.98	3.94	3.9	3.94	3.93	3.94	3.94	3.9	3.9	3.92	3.92	3.89	3.92	3.91	3.93	3.93	3.91	3.89	3.91	3.9	3.9	3.91	3.95	3.91	3.94	3.93	3.94	3.93	3.9	3.96	3.94	3.91	3.92	3.91	3.92	3.89	3.91	3.92	3.94	3.94	3.92	3.91	3.88	3.89	3.93	3.95	3.88	3.94	3.87	3.94	0	0	0	0	0	0	0	0	0	0	0	0	0	0	0	0	0	0	0	0	
3.9	3.92	3.89	3.85	3.92	3.89	3.93	3.85	3.89	3.86	3.9	3.92	3.92	3.89	3.94	3.87	3.9	3.92	3.9	3.94	3.9	3.88	3.9	3.91	3.94	3.98	3.87	3.93	3.96	3.83	3.92	3.85	3.88	3.84	3.9	3.91	3.92	3.9	3.94	3.94	3.85	3.89	3.92	3.9	3.89	3.92	3.89	3.93	3.89	3.9	3.89	3.96	3.91	3.89	3.92	3.9	3.87	3.92	3.88	3.86	3.9	3.86	3.92	3.9	3.87	3.92	3.89	3.89	3.94	3.97	3.91	3.86	3.96	3.9	3.94	3.95	3.95	3.94	3.92	3.93	3.88	3.92	3.92	0	0	0	0	0	0	0	0	0	0	0	0	0	0	0	0	0	0	0	
3.91	3.91	3.89	3.86	3.93	3.85	3.87	3.91	3.89	3.93	3.91	3.9	3.86	3.88	3.86	3.86	3.91	3.87	3.91	3.94	3.9	3.92	3.87	3.95	3.92	3.86	3.88	3.91	3.86	3.9	3.86	3.89	3.92	3.89	3.91	3.96	3.93	3.93	3.89	3.89	3.94	3.87	3.9	3.89	3.92	3.9	3.91	3.89	3.91	3.93	3.94	3.87	3.92	3.91	3.89	3.87	3.87	3.93	3.91	3.84	3.89	3.92	3.88	3.88	3.92	3.84	3.91	3.89	3.87	3.83	3.87	3.88	3.89	3.89	3.9	3.89	3.89	3.9	3.88	3.9	3.91	3.91	3.91	3.92	0	0	0	0	0	0	0	0	0	0	0	0	0	0	0	0	0	0	
3.8	3.9	3.89	3.92	3.89	3.87	3.84	3.9	3.91	3.89	3.89	3.9	3.83	3.86	3.86	3.85	3.93	3.86	3.84	3.88	3.87	3.88	3.87	3.91	3.88	3.85	3.94	3.87	3.91	3.87	3.91	3.86	3.86	3.88	3.88	3.94	3.85	3.85	3.9	3.88	3.88	3.86	3.9	3.89	3.88	3.88	3.87	3.91	3.86	3.95	3.9	3.84	3.89	3.88	3.92	3.89	3.92	3.88	3.89	3.9	3.92	3.87	3.85	3.89	3.9	3.87	3.9	3.91	3.92	3.84	3.89	3.92	3.9	3.88	3.9	3.87	3.87	3.88	3.9	3.89	3.9	3.85	3.82	3.89	3.91	0	0	0	0	0	0	0	0	0	0	0	0	0	0	0	0	0	
3.84	3.87	3.86	3.89	3.87	3.88	3.84	3.94	3.9	3.92	3.8	3.92	3.86	3.87	3.9	3.91	3.92	3.86	3.9	3.86	3.85	3.92	3.89	3.87	3.83	3.9	3.87	3.89	3.9	3.85	3.88	3.82	3.85	3.85	3.86	3.85	3.83	3.86	3.84	3.83	3.81	3.9	3.8	3.89	3.92	3.84	3.83	3.9	3.89	3.89	3.84	3.89	3.9	3.83	3.85	3.87	3.88	3.85	3.87	3.87	3.87	3.85	3.9	3.87	3.9	3.89	3.87	3.87	3.81	3.85	3.85	3.81	3.91	3.91	3.9	3.83	3.88	3.83	3.83	3.85	3.91	3.9	3.81	3.9	3.87	3.83	0	0	0	0	0	0	0	0	0	0	0	0	0	0	0	0	
3.88	3.9	3.86	3.85	3.84	3.81	3.82	3.8	3.89	3.88	3.82	3.79	3.89	3.89	3.91	3.91	3.87	3.84	3.92	3.84	3.82	3.8	3.85	3.9	3.85	3.85	3.88	3.83	3.86	3.85	3.91	3.88	3.86	3.87	3.83	3.86	3.85	3.9	3.92	3.88	3.82	3.88	3.91	3.86	3.87	3.87	3.9	3.86	3.85	3.75	3.87	3.83	3.92	3.91	3.83	3.83	3.88	3.9	3.85	3.83	3.84	3.85	3.84	3.81	3.82	3.91	3.89	3.85	3.87	3.87	3.85	3.8	3.89	3.88	3.83	3.9	3.86	3.89	3.88	3.88	3.89	3.83	3.86	3.9	3.84	3.87	3.9	0	0	0	0	0	0	0	0	0	0	0	0	0	0	0	
3.89	3.87	3.89	3.81	3.83	3.84	3.85	3.84	3.84	3.84	3.86	3.9	3.88	3.76	3.88	3.86	3.82	3.79	3.79	3.84	3.85	3.87	3.83	3.84	3.87	3.88	3.79	3.78	3.83	3.87	3.79	3.89	3.8	3.87	3.91	3.81	3.86	3.85	3.86	3.85	3.78	3.84	3.85	3.87	3.82	3.83	3.88	3.83	3.85	3.82	3.8	3.83	3.81	3.77	3.89	3.83	3.77	3.88	3.86	3.85	3.84	3.88	3.9	3.9	3.87	3.85	3.87	3.87	3.9	3.93	3.86	3.88	3.85	3.84	3.84	3.77	3.84	3.76	3.83	3.83	3.88	3.9	3.89	3.89	3.9	3.84	3.78	3.82	0	0	0	0	0	0	0	0	0	0	0	0	0	0	
3.86	3.9	3.85	3.86	3.83	3.87	3.87	3.84	3.85	3.78	3.84	3.78	3.84	3.87	3.88	3.88	3.85	3.85	3.84	3.88	3.85	3.85	3.82	3.85	3.91	3.78	3.81	3.82	3.82	3.81	3.88	3.82	3.81	3.82	3.83	3.87	3.76	3.88	3.83	3.85	3.89	3.86	3.78	3.87	3.81	3.82	3.86	3.79	3.81	3.85	3.85	3.88	3.88	3.88	3.83	3.82	3.82	3.81	3.81	3.84	3.77	3.82	3.76	3.82	3.81	3.73	3.79	3.84	3.81	3.86	3.87	3.81	3.81	3.82	3.82	3.83	3.95	3.84	3.81	3.84	3.79	3.86	3.78	3.85	3.87	3.79	3.87	3.79	3.78	0	0	0	0	0	0	0	0	0	0	0	0	0	
3.88	3.79	3.84	3.76	3.8	3.79	3.88	3.82	3.81	3.8	3.81	3.81	3.75	3.8	3.79	3.72	3.84	3.77	3.82	3.79	3.84	3.77	3.82	3.77	3.85	3.82	3.87	3.78	3.82	3.86	3.91	3.8	3.79	3.77	3.79	3.85	3.82	3.77	3.84	3.86	3.81	3.84	3.77	3.81	3.81	3.85	3.83	3.82	3.82	3.82	3.83	3.83	3.86	3.86	3.84	3.8	3.77	3.81	3.78	3.84	3.8	3.79	3.75	3.78	3.77	3.83	3.84	3.72	3.84	3.85	3.84	3.85	3.8	3.8	3.74	3.79	3.8	3.91	3.85	3.84	3.81	3.86	3.78	3.85	3.76	3.83	3.78	3.8	3.79	3.82	0	0	0	0	0	0	0	0	0	0	0	0	
3.84	3.78	3.82	3.8	3.76	3.77	3.81	3.75	3.77	3.78	3.79	3.82	3.72	3.85	3.82	3.78	3.86	3.8	3.8	3.86	3.77	3.82	3.83	3.76	3.83	3.78	3.8	3.78	3.82	3.81	3.75	3.79	3.86	3.81	3.74	3.81	3.79	3.69	3.81	3.82	3.79	3.77	3.9	3.78	3.78	3.81	3.84	3.79	3.85	3.84	3.8	3.85	3.77	3.78	3.8	3.82	3.72	3.86	3.79	3.81	3.76	3.81	3.83	3.8	3.76	3.79	3.78	3.8	3.73	3.82	3.73	3.84	3.81	3.79	3.8	3.72	3.81	3.79	3.8	3.79	3.84	3.86	3.72	3.77	3.75	3.82	3.77	3.82	3.82	3.75	3.81	0	0	0	0	0	0	0	0	0	0	0	
3.8	3.79	3.77	3.69	3.86	3.84	3.81	3.71	3.83	3.79	3.8	3.8	3.79	3.81	3.87	3.7	3.78	3.74	3.75	3.84	3.92	3.71	3.82	3.78	3.83	3.76	3.83	3.76	3.8	3.8	3.87	3.74	3.84	3.79	3.8	3.84	3.74	3.78	3.77	3.79	3.77	3.79	3.82	3.79	3.81	3.79	3.83	3.74	3.77	3.87	3.7	3.76	3.8	3.73	3.79	3.76	3.79	3.75	3.78	3.79	3.8	3.78	3.72	3.81	3.8	3.82	3.86	3.78	3.75	3.65	3.73	3.78	3.83	3.83	3.82	3.75	3.78	3.8	3.83	3.76	3.77	3.8	3.9	3.73	3.77	3.72	3.75	3.71	3.76	3.79	3.77	3.81	0	0	0	0	0	0	0	0	0	0	
3.74	3.76	3.78	3.74	3.79	3.67	3.77	3.79	3.77	3.78	3.83	3.8	3.74	3.83	3.8	3.84	3.75	3.65	3.81	3.85	3.79	3.81	3.79	3.86	3.79	3.81	3.78	3.83	3.76	3.71	3.79	3.86	3.75	3.78	3.84	3.77	3.81	3.79	3.69	3.79	3.78	3.75	3.81	3.72	3.71	3.84	3.8	3.81	3.81	3.79	3.82	3.8	3.77	3.73	3.77	3.83	3.83	3.77	3.78	3.74	3.77	3.72	3.76	3.77	3.78	3.84	3.81	3.75	3.69	3.74	3.74	3.77	3.68	3.79	3.7	3.79	3.68	3.81	3.78	3.77	3.79	3.74	3.8	3.73	3.81	3.74	3.74	3.78	3.8	3.78	3.68	3.73	3.81	0	0	0	0	0	0	0	0	0	
3.75	3.75	3.82	3.73	3.81	3.76	3.73	3.82	3.72	3.81	3.76	3.66	3.79	3.77	3.72	3.67	3.74	3.68	3.73	3.84	3.77	3.74	3.77	3.79	3.77	3.75	3.7	3.77	3.68	3.76	3.79	3.72	3.72	3.8	3.81	3.82	3.8	3.77	3.78	3.76	3.71	3.76	3.65	3.79	3.65	3.68	3.72	3.67	3.73	3.71	3.8	3.77	3.85	3.73	3.74	3.78	3.82	3.74	3.77	3.79	3.73	3.84	3.76	3.74	3.69	3.73	3.7	3.79	3.78	3.71	3.74	3.73	3.74	3.77	3.69	3.79	3.71	3.78	3.76	3.74	3.78	3.77	3.71	3.77	3.81	3.68	3.67	3.78	3.71	3.71	3.72	3.79	3.82	3.76	0	0	0	0	0	0	0	0	
3.66	3.71	3.77	3.73	3.8	3.8	3.84	3.68	3.76	3.68	3.74	3.7	3.79	3.68	3.69	3.73	3.68	3.73	3.79	3.66	3.71	3.7	3.8	3.73	3.72	3.77	3.73	3.77	3.71	3.73	3.72	3.82	3.76	3.72	3.73	3.75	3.71	3.85	3.74	3.62	3.76	3.81	3.76	3.76	3.69	3.78	3.77	3.76	3.74	3.72	3.72	3.74	3.69	3.75	3.72	3.69	3.77	3.73	3.8	3.61	3.75	3.76	3.76	3.72	3.68	3.76	3.72	3.79	3.74	3.72	3.68	3.65	3.82	3.76	3.79	3.77	3.73	3.82	3.72	3.83	3.81	3.71	3.75	3.71	3.72	3.69	3.74	3.76	3.81	3.69	3.77	3.66	3.79	3.76	3.76	0	0	0	0	0	0	0	
3.75	3.82	3.67	3.75	3.67	3.76	3.63	3.75	3.73	3.8	3.64	3.74	3.72	3.67	3.73	3.57	3.72	3.76	3.65	3.72	3.72	3.66	3.76	3.79	3.74	3.72	3.68	3.74	3.72	3.73	3.65	3.75	3.7	3.79	3.65	3.77	3.7	3.72	3.79	3.72	3.74	3.7	3.73	3.75	3.74	3.66	3.65	3.71	3.76	3.82	3.69	3.65	3.76	3.7	3.69	3.72	3.72	3.76	3.65	3.7	3.75	3.78	3.7	3.73	3.71	3.78	3.74	3.73	3.75	3.75	3.75	3.7	3.81	3.7	3.72	3.74	3.74	3.71	3.71	3.73	3.8	3.69	3.74	3.66	3.66	3.72	3.72	3.77	3.7	3.68	3.72	3.69	3.75	3.73	3.78	3.76	0	0	0	0	0	0	
3.64	3.78	3.72	3.73	3.76	3.76	3.73	3.74	3.65	3.59	3.68	3.66	3.63	3.66	3.75	3.78	3.71	3.71	3.7	3.73	3.72	3.68	3.74	3.66	3.74	3.68	3.71	3.68	3.75	3.67	3.7	3.62	3.69	3.74	3.78	3.72	3.7	3.75	3.63	3.66	3.7	3.71	3.69	3.8	3.61	3.77	3.76	3.76	3.72	3.68	3.62	3.71	3.68	3.66	3.62	3.71	3.77	3.74	3.75	3.66	3.72	3.65	3.75	3.72	3.78	3.72	3.62	3.8	3.79	3.72	3.78	3.61	3.72	3.74	3.68	3.65	3.71	3.74	3.68	3.69	3.71	3.73	3.72	3.67	3.61	3.63	3.73	3.71	3.71	3.78	3.65	3.64	3.71	3.75	3.75	3.77	3.74	0	0	0	0	0	
3.67	3.68	3.69	3.7	3.64	3.65	3.67	3.7	3.69	3.65	3.63	3.73	3.75	3.66	3.68	3.65	3.7	3.67	3.78	3.64	3.7	3.79	3.71	3.76	3.69	3.75	3.75	3.68	3.65	3.66	3.74	3.7	3.64	3.58	3.69	3.64	3.78	3.71	3.64	3.73	3.7	3.66	3.69	3.67	3.71	3.73	3.67	3.73	3.69	3.57	3.74	3.65	3.65	3.73	3.73	3.64	3.75	3.7	3.71	3.7	3.74	3.76	3.67	3.7	3.7	3.68	3.72	3.69	3.69	3.72	3.72	3.72	3.62	3.67	3.59	3.74	3.66	3.72	3.7	3.66	3.77	3.66	3.8	3.67	3.61	3.67	3.65	3.74	3.55	3.67	3.62	3.66	3.76	3.7	3.74	3.67	3.68	3.7	0	0	0	0	
3.67	3.7	3.72	3.68	3.67	3.59	3.58	3.71	3.65	3.64	3.79	3.67	3.72	3.65	3.71	3.67	3.7	3.63	3.64	3.72	3.71	3.59	3.65	3.7	3.63	3.77	3.68	3.6	3.67	3.63	3.57	3.67	3.69	3.57	3.63	3.67	3.66	3.57	3.66	3.68	3.74	3.77	3.65	3.64	3.71	3.63	3.61	3.72	3.73	3.74	3.71	3.65	3.65	3.69	3.64	3.68	3.68	3.71	3.73	3.65	3.68	3.69	3.68	3.69	3.71	3.65	3.72	3.64	3.73	3.68	3.57	3.64	3.66	3.71	3.67	3.62	3.63	3.61	3.65	3.66	3.72	3.63	3.73	3.67	3.64	3.64	3.71	3.66	3.58	3.67	3.69	3.7	3.67	3.7	3.58	3.66	3.62	3.63	3.66	0	0	0	
3.72	3.57	3.68	3.74	3.57	3.65	3.65	3.74	3.59	3.69	3.68	3.63	3.65	3.66	3.63	3.71	3.56	3.62	3.61	3.64	3.59	3.68	3.56	3.63	3.74	3.63	3.67	3.65	3.69	3.68	3.67	3.68	3.7	3.7	3.69	3.55	3.69	3.66	3.7	3.56	3.65	3.65	3.66	3.59	3.66	3.64	3.66	3.55	3.71	3.67	3.71	3.65	3.6	3.68	3.68	3.61	3.58	3.64	3.63	3.61	3.68	3.62	3.56	3.57	3.64	3.67	3.61	3.66	3.59	3.65	3.64	3.67	3.68	3.6	3.62	3.64	3.59	3.63	3.61	3.63	3.61	3.69	3.63	3.62	3.64	3.62	3.67	3.65	3.66	3.65	3.66	3.61	3.59	3.64	3.72	3.66	3.63	3.76	3.62	3.71	0	0	
3.68	3.66	3.63	3.7	3.62	3.63	3.66	3.58	3.62	3.7	3.68	3.64	3.55	3.63	3.64	3.66	3.69	3.64	3.62	3.53	3.67	3.58	3.68	3.56	3.63	3.72	3.52	3.57	3.54	3.61	3.5	3.6	3.62	3.67	3.6	3.57	3.61	3.75	3.59	3.58	3.63	3.57	3.69	3.65	3.68	3.65	3.7	3.63	3.67	3.54	3.62	3.62	3.65	3.65	3.61	3.6	3.59	3.73	3.67	3.61	3.64	3.54	3.63	3.65	3.62	3.59	3.55	3.57	3.72	3.64	3.6	3.57	3.6	3.58	3.65	3.64	3.7	3.55	3.63	3.61	3.72	3.67	3.59	3.55	3.56	3.64	3.61	3.54	3.65	3.47	3.59	3.61	3.65	3.68	3.69	3.61	3.68	3.62	3.55	3.67	3.64	0	
